#n = 4,6,8,10,12,14,16,18,20,32
0.1 5.73168 9.97526 10.3996 16.8949 20.3245 23.5367 27.8244 30.1644 34.5743 56.6431
0.2 5.81519 9.91606 11.4134 16.8073 20.3256 23.7378 27.9788 30.3495 34.5301 56.1166
 0.3 5.90082 9.90308 12.4264 16.7778 20.3363 23.8758 27.9624 30.4985  34.502 55.8859
0.4 5.98785 9.90555 13.3858  16.778 20.3511  23.971 27.8872 30.6244 34.4932 55.7623
0.5 6.07024 9.91317 14.2197 16.7927 20.3679 24.0349 27.8144  30.731 34.4957 55.6881
0.6 6.14399 9.92201 14.8362 16.8137 20.3854 24.0766 27.7578 30.8206 34.5044 55.6419
0.7 6.20744  9.9305 15.1172 16.8368 20.4027 24.1033 27.7177 30.8947 34.5161 55.6125
0.8 6.26048 9.93809 14.9664 16.8596 20.4191 24.1202  27.689 30.9549  34.529 55.5943
0.9 6.30389 9.94462 14.6237 16.8811 20.4345 24.1307 27.6697 31.0032 34.5421 55.5838
1 6.33887 9.95012  14.358 16.9006 20.4486 24.1369 27.6571 31.0413 34.5548 55.5788
1.5 6.36672  9.9547   14.17 16.9181 20.4614 24.1404 27.6486 31.0713 34.5667  55.578
2 6.38869 9.95849 14.0334 16.9335  20.473 24.1421 27.6431 31.0947  34.578 55.5801
2.5 6.40592 9.96161 13.9308  16.947 20.4835 24.1426 27.6398  31.113 34.5887 55.5846
3 6.41935 9.96418 13.8518 16.9587 20.4929 24.1422  27.638 31.1272 34.5986 55.5909
3.5 6.42979 9.96628 13.7898 16.9689 20.5013 24.1412 27.6372 31.1384 34.6077 55.5986
4 6.43787   9.968 13.7403 16.9776 20.5087   24.14  27.637 31.1471 34.6162 55.6074
4.5 6.44411 9.96941 13.7003 16.9852 20.5154 24.1384 27.6372 31.1541 34.6241 55.6172
5 6.44893 9.97057 13.6677 16.9918 20.5214 24.1368 27.6377 31.1596 34.6315 55.6276
5.5 6.45264 9.97152  13.641 16.9974 20.5267 24.1351 27.6384 31.1641 34.6384 55.6387
6  6.4555 9.97229 13.6188 17.0023 20.5315 24.1334 27.6391 31.1677 34.6448 55.6502
6.5  6.4577 9.97293 13.6004 17.0065 20.5357 24.1317 27.6399 31.1706 34.6507 55.6621
7 6.45939 9.97345 13.5851 17.0101 20.5395 24.1301 27.6407 31.1731 34.6563 55.6743
7.5 6.46069 9.97387 13.5722 17.0133 20.5429 24.1285 27.6414 31.1751 34.6614 55.6867
8 6.46169 9.97422 13.5615  17.016 20.5459 24.1271 27.6421 31.1769 34.6663 55.6992
8.5 6.46245 9.97451 13.5524 17.0184 20.5486 24.1256 27.6428 31.1784 34.6708 55.7118
9 6.46304 9.97474 13.5447 17.0204  20.551 24.1243 27.6434 31.1796  34.675 55.7245

