#beta 5, N=80, nspin = 20
        1  -0.165854  0.0582509
 -0.874942   0.117205 -0.0394323
  0.261603  -0.258815  0.0754034
 -0.284384    0.23298  -0.060621
  0.147735  -0.725721  0.0983721
 -0.167373          1 -0.0902717
  0.100253  -0.465848   0.139269
 -0.115893   0.237406  -0.156004
 0.0744224  -0.153568   0.241661
-0.0874778   0.134038  -0.476273
 0.0581013 -0.0901947          1
-0.0695756  0.0928147  -0.707216
 0.0466156 -0.0629014   0.240193
-0.0571866   0.070438  -0.246656
  0.037672 -0.0467606   0.135154
 -0.047853  0.0560761  -0.157308
 0.0297603 -0.0350075  0.0899886
-0.0400365   0.045511  -0.115425
 0.0210606 -0.0239597  0.0585643
-0.0321512  0.0360159 -0.0874713

