#beta 5, n=32,
         1  0.0751471   0.034812
 -0.872611 -0.0525952 -0.0230159
  0.262278   0.100353  0.0432822
  -0.28221 -0.0877547 -0.0329094
  0.148493   0.141749  0.0517042
 -0.165004  -0.157668 -0.0424127
  0.101095   0.244091  0.0619432
 -0.113388  -0.487707 -0.0540216
 0.0754283          1  0.0760957
-0.0849254  -0.688498 -0.0708111
 0.0594251   0.243241  0.0982064
-0.0671027  -0.234601 -0.0999747
 0.0485185   0.139704   0.139044
-0.0549928  -0.146571  -0.168586
 0.0406061  0.0979722   0.241949
-0.0462766  -0.106481  -0.502486
 0.0345847  0.0750316          1
-0.0397211 -0.0833557  -0.679688
 0.0298151  0.0602458   0.241506
-0.0346074 -0.0681712  -0.233461
 0.0258935  0.0497187   0.137884
-0.0304809 -0.0573386  -0.147793
 0.0225394  0.0416522  0.0961259
-0.0270305 -0.0491183  -0.108895
  0.019532  0.0350518  0.0728133
-0.0240189 -0.0425225  -0.086256
 0.0166586  0.0292381  0.0569972
-0.0212328 -0.0368809 -0.0708478
 0.0136371  0.0235541  0.0442032
-0.0184157 -0.0315833 -0.0587394
0.00984558  0.0168336  0.0309517
 -0.015072 -0.0256788 -0.0470024

