#M=80, t = 0, 19, 32spin, n=0,16,31
            1     0.451045    -0.175383
    0.605766     0.995635     0.207985
    0.181411     0.845948     0.559008
   0.0282475    0.0156993     0.758482
   0.0028221    -0.447629     0.908243
 0.000255358     0.317657     0.973979
 1.56089e-05     0.234134      0.99437
-5.77956e-07    -0.814706            1
 2.46012e-06           -1     0.899586
 4.35226e-07    -0.331599     0.630367
 8.89898e-07    -0.425568     0.433151
 7.12933e-07    -0.663037     0.156757
 1.19548e-07    -0.374704    -0.171711
 2.12768e-08    -0.122232    -0.327762
 1.54194e-07      -0.2586    -0.418222
  8.5614e-08    -0.211362    -0.223912
 1.94802e-07     0.211501    0.0393735
 5.31198e-07       0.5579     0.260526
  7.5435e-07     0.105056     0.393017
 5.81851e-07    -0.344817     0.366872
  4.0842e-07    -0.430183     0.163132
 6.80252e-07     -0.38923    -0.185482
 7.71873e-07    -0.177796    -0.455866
 6.86755e-07     -0.40997    -0.657338
  5.5735e-07    -0.381361    -0.856112
 4.21539e-07   -0.0455326    -0.975764
 3.87927e-07   -0.0535083    -0.961886
 3.59907e-07    -0.273139    -0.793806
 3.77631e-07     -0.20513    -0.541584
   3.971e-07   -0.0581634    -0.421654



