#beta2, 32spin, base state corr, 0,16,31, t = 0,19
        1  -0.760824   -1
 -0.120459   0.329037   0.4235658
-0.0243616  -0.273089  -0.39195799
-0.0139027 0.00852514   0.5106712
-0.0235866  -0.490621  -0.39589968
-0.0330554 -0.0919262   0.21258151
-0.0291159          1  -0.50284209
-0.0221204   0.261465   0.08730911
-0.0228198   0.174852   0.17268037
-0.0267889   0.252047   0.28903073
-0.0605731   0.556906  	0.83492665
-0.0466378  -0.454528  -0.38837699
  0.377226  -0.442233   -0.86871613
 -0.237783 -0.0248009   0.78133772
  0.108241  -0.448491  -0.53003899
  0.118798  -0.449662   0.20650658
-0.0916601  -0.554738  -0.38109058
 -0.061132 -0.0805011   0.67968289
 0.0542565    0.62849  -0.26336676
 0.0882804  -0.236667  0.06620935


