#beta2, N50 #
           1  	0.0535054   -0.0186748
   -0.855243    -0.0375078    0.0119046
    0.267435     0.0667723   -0.0219965
   -0.268211    -0.0576268    0.0156632
    0.153874     0.0816319   -0.0237958
   -0.152558    -0.0815244    0.0180959
    0.106398      0.103472   -0.0251156
   -0.103389     -0.118828    0.0204492
   0.0807427      0.143557   -0.0270184
  -0.0776838     -0.200533    0.0236344
   0.0647571      0.245955     -0.03053
  -0.0622128     -0.573685     0.028445
   0.0535054      	1    -0.0365001
  -0.0514246     -0.607768    0.0356416
   0.0444587      0.243712   -0.0457286
  -0.0427147     -0.201492    0.0461904
   0.0362991      0.136834   -0.0594962
  -0.0349019     -0.123335    0.0617988
   0.0285003     0.0912251   -0.0807263
  -0.0275415    -0.0859843    0.0863266
    0.021042     0.0638302    -0.117303
  -0.0206249    -0.0624952     0.130527
   0.0142448     0.0446649    -0.197082
  -0.0144752    -0.0457385     0.238235
  0.00855797     0.0305194    -0.610125
 -0.00943119    -0.0332388            1
  0.00421512     0.0199775    -0.566583
  -0.0055686    -0.0237538     0.237232
  0.00109839     0.0120088    -0.193509
 -0.00272191    -0.0163978     0.126746
 -0.00115842    0.00569044    -0.110071
-0.000572076    -0.0104077    0.0786335
 -0.00292748   0.000384104   -0.0712446
  0.00123674   -0.00520152     0.049564
 -0.00442241   -0.00415377   -0.0469089
  0.00295014  -0.000504322    0.0292858
 -0.00570637   -0.00787991   -0.0294358
  0.00466865    0.00371062    0.0143998
 -0.00677821    -0.0106419   -0.0163139
  0.00638069    0.00734168    0.0035786
 -0.00759255    -0.0122919  -0.00660936
    0.007975     0.0102393  -0.00382872
 -0.00807767    -0.0128009  0.000125543
  0.00927678     0.0122616  -0.00833053
 -0.00811406    -0.0122486   0.00423029
   0.0100724     0.0132999   -0.0104696
 -0.00748961    -0.0106842    0.0060037
   0.0100875     0.0132126   -0.0107511
 -0.00580643   -0.00787852   0.00554176
  0.00893411     0.0116615  -0.00942659


