#M=50, ksi 10**-2, t = 0,...,16
   0.999778     0.999891     0.998063     0.999614            1     0.975017     0.956737     0.931497     0.926679     0.909283     0.855169     0.844418     0.850471       0.8155     0.776039     0.754424       0.7376
     0.99936            1     0.998593            1     0.997924     0.975854     0.991195     0.997558      0.99092      0.97344     0.914739     0.904209     0.903704     0.869813     0.842294     0.824208     0.790629
    0.999833     0.996727     0.998265     0.997026      0.99602     0.964176     0.948529     0.987256     0.993309            1     0.978924     0.972122     0.977877     0.959093     0.903888     0.897949     0.891229
    0.994639     0.997225     0.999979     0.997675     0.985195     0.986362     0.930646     0.941946      0.95259     0.983039     0.998335            1      0.99372      0.98413            1     0.998245     0.979486
    0.996007     0.999775     0.998006     0.999329     0.970187            1            1     0.899833     0.886243     0.909571     0.925844     0.937052     0.969157            1     0.994668     0.992472            1
    0.999676     0.999093     0.999861     0.998072     0.953618     0.990326     0.966476     0.930315     0.888633     0.869984     0.886474     0.885764     0.884722     0.907899     0.927478     0.958077     0.970859
    0.999232     0.996707     0.999883     0.993746      0.95253     0.964523      0.93053     0.924264     0.931165     0.870589     0.830803      0.82475     0.801647     0.828412     0.842173     0.878135     0.899505
    0.997916     0.998005     0.996905     0.982064     0.970296      0.96645     0.947742     0.850809     0.949276     0.895245     0.820109     0.782482     0.767949     0.718556     0.705521     0.767765     0.815205
     0.99613     0.996145     0.999663     0.961189      0.98044     0.966891     0.919516     0.877145     0.843177     0.915625     0.896425     0.830948     0.759226     0.687107     0.648813     0.640801     0.678943
    0.999093     0.998434     0.995977     0.935006     0.944702     0.911059     0.868752     0.894518     0.725364     0.846689     0.857179     0.827214     0.776265     0.720935     0.645497     0.589266     0.585667
    0.999642     0.997374     0.988664     0.935736     0.914246      0.88596       0.8821     0.832207     0.787254     0.754003     0.829925     0.857785     0.808685       0.6931     0.649981     0.594474     0.551471
    0.998055     0.998997     0.977941      0.96297     0.918511     0.877113     0.834769      0.75317     0.814764     0.682012     0.664151     0.737153     0.781108     0.755106      0.67769     0.607841      0.54732
    0.991082     0.998304     0.940802     0.935514     0.852087     0.809194     0.769716     0.750256     0.683622      0.69577     0.588226     0.639242     0.688658     0.685759     0.642785     0.653854     0.597855
    0.999655     0.996523     0.894291     0.847885      0.78409     0.787277     0.736079     0.664262     0.609888     0.735885     0.631727     0.530049     0.578829     0.644279     0.635546     0.597562     0.573002
      0.9999     0.995296     0.898442     0.819994     0.783007     0.702483     0.631335     0.589144     0.630807     0.523437     0.563594     0.452271     0.429051     0.471911      0.55108     0.586335     0.560872
    0.999318     0.964177     0.890694     0.742414     0.648153     0.592413     0.579567     0.533115     0.488099     0.394155     0.571658      0.48559     0.364466     0.374556     0.411762     0.464352     0.499223
    0.998681     0.877867     0.719707     0.601827     0.559777     0.544736     0.437683     0.419399     0.423969     0.442062     0.359238     0.459133     0.378482     0.290492     0.305845     0.381613     0.423054
    0.999542     0.727939     0.569211     0.532343     0.420461     0.342724     0.354336     0.345595     0.295502     0.348565     0.174277     0.321171     0.303645     0.217571     0.192589     0.222302     0.302714
    0.999947     0.636955     0.445594      0.27045     0.259151     0.271749     0.209469     0.191798     0.228659     0.197406     0.176543     0.209674     0.324744     0.240877     0.134736      0.12337     0.184302
     0.99489     0.199943    0.0863067      0.14838     0.100442    0.0466584    0.0962199     0.108169    0.0784409    0.0741061     0.217582    0.0262269     0.138253     0.206835     0.153058    0.0737477     0.109517
   -0.997981     -0.19917   -0.0881061    -0.150824   -0.0987412   -0.0374968   -0.0554016   -0.0514248  -0.00296818    0.0136077   0.00721173   -0.0738518  -0.00127592     0.100366      0.07838    0.0351981   0.00866951
      -0.998     -0.63692     -0.44487    -0.268046    -0.259836     -0.25148    -0.176851    -0.139037    -0.150204    -0.109496    -0.118545    0.0148091    -0.104458    0.0280059     0.099699    0.0493538    -0.052078
   -0.995958    -0.724371    -0.569925    -0.528828    -0.419723    -0.314376    -0.320584     -0.28161     -0.21126    -0.195984    -0.199102   -0.0470645    -0.168131    -0.149985   -0.0323694    0.0529871   0.00176575
   -0.998716    -0.871664    -0.718237    -0.603352    -0.548803    -0.506044    -0.400778    -0.354375    -0.346417    -0.299626    -0.226723     -0.26413    -0.217224    -0.239885    -0.140952   -0.0669757   -0.0728182
   -0.997904     -0.96879    -0.886083    -0.744578    -0.625635    -0.572544    -0.543961    -0.470715    -0.391138    -0.375952     -0.33962    -0.343382    -0.142793    -0.256946    -0.193994    -0.101754   -0.0635278
   -0.990951    -0.990863    -0.892066    -0.816441    -0.740283    -0.669413    -0.585245    -0.525876    -0.493326    -0.435777    -0.382527    -0.363121    -0.271318    -0.268031     -0.25384    -0.241399   -0.0823829
   -0.999189    -0.996859    -0.891862    -0.838134    -0.739654    -0.737784    -0.661328    -0.573038    -0.525649    -0.512867    -0.464147    -0.357685    -0.406094    -0.307717    -0.360612    -0.286309    -0.137491
   -0.987612    -0.992043    -0.940315    -0.923936    -0.816959     -0.75632    -0.689792    -0.653418    -0.600226    -0.521016    -0.471272    -0.449801    -0.466551     -0.23823    -0.319691    -0.312345    -0.226656
   -0.998429    -0.998253    -0.975253     -0.92812    -0.891745    -0.822645    -0.734378    -0.641354    -0.602117    -0.570509    -0.517855    -0.469164    -0.404716    -0.321941    -0.304026    -0.280687    -0.289861
   -0.999232    -0.990991    -0.990027    -0.877695    -0.860545    -0.789312    -0.741526    -0.687322    -0.617346    -0.573102    -0.525737    -0.480652    -0.400293    -0.471905     -0.28125    -0.261639    -0.333308
    -0.99878    -0.998659    -0.995296    -0.869517    -0.854543    -0.779637     -0.73438    -0.692086    -0.624723    -0.572496      -0.5163    -0.479709    -0.408256    -0.483112    -0.265829    -0.257779     -0.33571
   -0.998693    -0.999416    -0.979175     -0.91419    -0.889316    -0.820434    -0.736067    -0.640442    -0.595625    -0.571142    -0.521586    -0.464999    -0.390572    -0.340044    -0.300566    -0.270367    -0.286053
   -0.995554    -0.997345    -0.946656    -0.924867    -0.829536    -0.762418    -0.687773    -0.646157    -0.598166    -0.519779    -0.466182    -0.450084    -0.455804    -0.237787    -0.306293    -0.309984    -0.240953
   -0.998961    -0.997104    -0.903881    -0.855283    -0.739781    -0.725986    -0.654911    -0.578259    -0.524406    -0.503642    -0.460221    -0.362442    -0.408786    -0.286288    -0.357409    -0.281523    -0.131905
    -0.99441    -0.997087     -0.89096    -0.811903    -0.733217    -0.678922    -0.587083    -0.514282    -0.486333    -0.439356    -0.383439     -0.35117    -0.294841    -0.272523    -0.261919    -0.246507   -0.0843019
   -0.999932      -0.9774      -0.8899    -0.755214    -0.636817     -0.56756    -0.540287    -0.475572    -0.393859    -0.365109    -0.334973    -0.338575    -0.145138    -0.247795     -0.19548    -0.113233   -0.0592425
    -0.99918    -0.901054    -0.747579    -0.608192    -0.542522    -0.511253    -0.408473    -0.349809    -0.338661    -0.304269    -0.231285    -0.264581     -0.19022    -0.236097    -0.139695   -0.0618403   -0.0662242
   -0.997062    -0.747487    -0.563569    -0.530611    -0.433684    -0.320427    -0.310647    -0.281207    -0.216981    -0.189381    -0.185553   -0.0757945    -0.168186    -0.155915   -0.0436658      0.04568   0.00680181
   -0.998407    -0.628407    -0.453666     -0.28775    -0.254202    -0.243431    -0.186042     -0.13942    -0.140309     -0.11372    -0.115603    0.0359353     -0.10209   0.00961392      0.10158    0.0691644   -0.0441854
   -0.999323    -0.236495   -0.0957287      -0.1353    -0.106607    -0.048634   -0.0443469   -0.0488652   -0.0115434    0.0180013 -0.000231448   -0.0489667 -0.000535509      0.11675    0.0919761    0.0385913   0.00281747
    0.999285     0.227228    0.0909571     0.133302     0.105565     0.057389    0.0865924     0.107338    0.0886635    0.0777019     0.201418    0.0229505     0.126952     0.199326     0.156189    0.0774146     0.107593
     0.99864     0.634259     0.452779     0.285676     0.253591     0.266935     0.221718     0.193949     0.219184     0.199384      0.21126     0.194204     0.323739     0.259917     0.149139     0.122867     0.189894
    0.999202     0.755085      0.56491     0.531708     0.436378     0.349689     0.345036      0.34641     0.308407     0.336727     0.181964     0.329429     0.323231     0.225717     0.194839     0.221898      0.29294
    0.998999     0.904204     0.744444     0.608945     0.554522     0.546743     0.447993     0.421646     0.420586     0.455533     0.338914     0.449134     0.379066     0.293627     0.297851     0.378859      0.43207
    0.999914     0.978472     0.894856     0.756259     0.663004     0.589143     0.575214     0.540617      0.49123      0.41289     0.567956     0.506879     0.376214     0.374192     0.415445     0.468191     0.491266
    0.999967     0.996897     0.897147     0.817657     0.781603     0.716145     0.638856     0.586643     0.628895     0.515891     0.581097     0.459535     0.430182     0.469037     0.542479     0.580873     0.571411
    0.998407     0.999377     0.908033     0.859872     0.788054     0.785738     0.738293     0.674018     0.622902     0.720057     0.637257     0.528252      0.56624     0.637921     0.640995     0.609316     0.575101
    0.998724     0.999312     0.952769     0.943902     0.866623     0.817231     0.769865     0.745807      0.69075     0.727635     0.598966     0.638905     0.695226     0.694681     0.641072      0.65143     0.605162
    0.999917     0.999436     0.984324     0.958981     0.916291     0.880809     0.846443     0.762219     0.800658     0.683089     0.661967      0.73286     0.775174     0.748109     0.689582     0.619078     0.551308
    0.999632     0.999699     0.995727     0.938768     0.916842     0.887463     0.879912     0.834788     0.811655     0.747501     0.815275     0.859765     0.822573     0.704932     0.651556     0.592456     0.551853
    0.999737     0.999102     0.998626     0.944708     0.951657     0.922645      0.87552     0.885887     0.735748     0.850957     0.869524      0.83368     0.773509     0.722611     0.650062     0.593071     0.589027
    0.999433      0.99864     0.999546     0.967516     0.980496     0.968934     0.922397     0.890692     0.828896     0.911053     0.895665      0.83565     0.768849      0.68663      0.65011     0.646789     0.680631
           1     0.999492     0.999346     0.987105     0.969124     0.963581     0.943317      0.85557     0.952725     0.911262      0.82876     0.786783     0.766343      0.72441     0.704979     0.760762     0.815338
     0.99996     0.999867     0.998851     0.996422     0.954954     0.967599     0.939441     0.918279     0.929505      0.86974     0.832446     0.826514     0.797039     0.828247     0.845407     0.884609     0.898592
    0.998691     0.998618     0.998646     0.998476     0.961018     0.991595     0.969829     0.948972     0.895542     0.871128     0.885502     0.886205     0.893167     0.912103     0.925689     0.951502     0.970274
     0.99961     0.999715     0.998543     0.999522     0.977517     0.998039     0.998309     0.902403     0.889803     0.911606     0.933919     0.937372     0.961217     0.995652      0.99703     0.996352     0.995753
    0.999882     0.999487     0.999615     0.999501     0.990631     0.988018     0.940915     0.935438     0.948303     0.976819            1     0.999004            1     0.982187     0.995809            1     0.985494
      0.9981     0.999854            1      0.99862     0.994424     0.968522        0.951      0.99448            1      0.99962     0.977621     0.971935     0.980522     0.965988     0.909685     0.896959     0.886453
    0.999927     0.999662     0.999934      0.99983     0.999844     0.983574     0.998338            1       0.9956     0.982481     0.920034     0.910386     0.907679     0.868179     0.839243     0.824547     0.796098
    0.999992      0.99973     0.999819     0.999671      0.99975     0.981221     0.955566     0.932593     0.928488 	 0.982481     0.920034	   0.937372	0.907679     0.868179	  0.868179     0.868179     0.868179
