#M50, ksi = 10-2
0.999927   0.999877   0.999881   0.999955    0.99996   0.999923          1   0.853898   0.844242   0.718743   0.718223
  0.999846          1   0.999985   0.999973          1          1   0.987364          1    0.99991   0.918455   0.884583
  0.999875   0.999858    0.99992   0.999991   0.999927   0.999826   0.948741   0.918902   0.992231   0.974394   0.960784
   0.99998   0.999896   0.999831   0.999885   0.999907   0.999581   0.903535   0.838388   0.801255          1   0.998777
  0.999843   0.999978          1   0.999959   0.999562   0.996276   0.904075   0.851448   0.625089   0.784974   0.873592
  0.999916   0.999795   0.999775   0.999558   0.995194   0.974078   0.904904   0.756336   0.673538   0.585241   0.735208
  0.999893    0.99996   0.999582   0.992876   0.958941   0.884506   0.728722   0.600185   0.670031   0.458472   0.429574
  0.999992   0.999861   0.991209   0.934485   0.815632   0.730365   0.567506    0.54035   0.463259   0.434659   0.314151
  0.999871   0.989173   0.880867   0.682818   0.596611    0.64056   0.456966   0.275339   0.292883   0.534817   0.328214
  0.999692   0.741186   0.357556    0.30608   0.345777   0.207797  0.0803153   0.169442   0.183567   0.165554   0.277079
  -0.99959  -0.740978  -0.356556  -0.304634  -0.344397  -0.206657 -0.0775028 -0.0867958 0.00918149 0.00947844   0.250852
 -0.999998  -0.989422  -0.881626  -0.683469   -0.59663   -0.64012  -0.439291  -0.205248  -0.144803  -0.100887   0.156892
  -0.99998  -0.999896  -0.991524   -0.93518  -0.816519  -0.731024  -0.511688   -0.43776  -0.255906 -0.0744626  -0.128357
 -0.999978  -0.999977  -0.999626  -0.993177  -0.959556  -0.884875  -0.618398  -0.433035  -0.330806  -0.247015  -0.190544
 -0.999831  -0.999942  -0.999957  -0.999551  -0.994723  -0.970168  -0.786345   -0.54159  -0.394542  -0.245982 -0.0728736
 -0.999935  -0.999825  -0.999791  -0.999503  -0.994155  -0.967104  -0.788933  -0.539023  -0.387272   -0.24756 -0.0789791
  -0.99994  -0.999932  -0.999396  -0.991725  -0.953572  -0.871709  -0.614047  -0.433232  -0.335287  -0.247611  -0.191158
 -0.999654  -0.999655  -0.989802  -0.925899  -0.796784  -0.712419  -0.511134  -0.442948  -0.256999 -0.0733345  -0.134324
 -0.999809   -0.98716  -0.865229   -0.65422  -0.577696  -0.637759  -0.438367  -0.198878  -0.147261  -0.108431   0.162451
 -0.999968  -0.706663  -0.314753  -0.293358  -0.344546  -0.191954 -0.0700358 -0.0962347 0.00540253 0.00398947    0.24201
  0.999841   0.706259   0.313136   0.292058   0.344459   0.192579  0.0722536   0.172536   0.179778   0.156064   0.269217
  0.999988   0.987584    0.86668   0.654722    0.57658   0.636418   0.453709   0.265498   0.287104   0.539726   0.320472
         1   0.999821   0.989831    0.92609   0.796843   0.711772   0.561234    0.54213   0.453911   0.417552    0.30389
  0.999808   0.999682   0.999207   0.991922   0.954217   0.872603   0.715434   0.591652   0.670654   0.450957   0.420645
  0.999724   0.999824   0.999842   0.999534   0.994598   0.971036   0.904685   0.750668   0.662187   0.581885   0.734367
   0.99943   0.999636   0.999889          1   0.999529   0.995746   0.900733   0.849577   0.618922   0.774762   0.864545
  0.999794    0.99978   0.999763   0.999895   0.999987   0.999587   0.895271   0.828612   0.798833   0.999473          1
  0.999957   0.999993   0.999915   0.999872   0.999711   0.999455   0.942495   0.914594   0.986022   0.968958   0.955083
  0.999694   0.999945    0.99983   0.999425   0.999205   0.999487    0.98491   0.997763          1    0.91836   0.880857
  0.999266   0.999014   0.999109   0.999543   0.999833   0.999733   0.999341   0.844029   0.834906   0.712535   0.709874

