#ksi pow(10-2), M=50, t = 0,0.5,1,2,...,16
   0.999775     0.99943    0.999577           1    0.999938           1    0.973463    0.966957    0.934066    0.881786    0.847591    0.865506    0.820873    0.813428    0.783179    0.735645    0.647106    0.636751
   0.999506    0.999939    0.999795    0.999987           1    0.999183     0.97453    0.997136           1           1           1    0.960821     0.89969    0.887647    0.862438    0.823901     0.74298    0.714603
   0.999932    0.999674     0.99985    0.999865    0.999976    0.995861    0.962144    0.953602    0.977148    0.959062    0.968709           1           1           1           1    0.987382    0.968228    0.934591
   0.998975    0.999663    0.999952    0.999416    0.999531    0.987513    0.986689    0.936232    0.924612    0.936996    0.954399     0.93594    0.961375    0.966088    0.969585           1           1           1
   0.999692    0.999916    0.999837    0.999967    0.999517    0.971298           1           1    0.887798    0.877185     0.94648    0.929083    0.868923    0.857255     0.87434    0.929633    0.952629    0.930533
          1    0.999702    0.999945    0.999893    0.998537    0.953311    0.989639    0.961584    0.918491     0.87943    0.895465    0.923765    0.834213    0.776666    0.774251    0.856712    0.898504      0.8841
    0.99966           1    0.999578    0.999302    0.994872    0.950912    0.959265    0.913625    0.895417    0.931776    0.899977    0.835888    0.822766    0.800139    0.796993    0.848941    0.837206    0.812956
   0.999972    0.999769           1    0.999589    0.983743    0.972397    0.960428    0.920007    0.837176    0.958529    0.921402    0.829668    0.740375    0.782754    0.802949    0.803155    0.771238    0.759004
   0.999721     0.99997    0.999964     0.99928    0.960458    0.983707     0.96162    0.897667     0.84465    0.866541    0.925214    0.876623    0.751388    0.751088    0.794511     0.81541    0.772507    0.742496
   0.999695     0.99963    0.999768    0.998946    0.934658    0.943788    0.896251    0.850443    0.854645    0.775755    0.861876    0.832008    0.776491    0.715515    0.755783    0.787638    0.761021    0.727594
   0.999897     0.99981     0.99944    0.994686    0.935639    0.910222     0.85641    0.858508     0.84521    0.806265    0.791666    0.814922    0.764847    0.766287    0.736203    0.742315    0.724141    0.709808
   0.999924    0.999885    0.999975    0.979433    0.964806     0.91857    0.847718    0.808235    0.784307    0.827707    0.736337     0.71118    0.732642    0.770692    0.740957    0.691299    0.656803    0.665172
   0.999749    0.999633    0.999898    0.939966    0.939665    0.849573    0.778862    0.737055    0.762587    0.722005    0.701233    0.660907    0.697621    0.695209    0.717607    0.689854    0.654562     0.64082
   0.999659    0.999856    0.999455    0.892848    0.842256    0.764323     0.76794    0.731264    0.692731    0.640998    0.724531    0.676996    0.621711    0.662078    0.684384     0.68766    0.638208     0.62455
   0.999761    0.999765    0.995911    0.897904    0.817997    0.761967      0.6949    0.666182    0.641146    0.652861    0.615149    0.637739    0.564439    0.568973    0.568336     0.64631    0.639376    0.595492
   0.999555    0.999944    0.971866    0.901891    0.748097    0.625688    0.576549    0.620887    0.580355    0.554826    0.524078    0.642635     0.53224    0.461941    0.526228    0.598991    0.601899    0.584354
   0.999968    0.997739    0.875864    0.715122    0.588196    0.551054    0.544671     0.49785    0.482688    0.506318    0.524435    0.541621    0.531703    0.463481     0.45867    0.506523    0.557593    0.573969
   0.999999    0.969496    0.715366    0.557384    0.534013    0.443951    0.406476    0.435578    0.424397     0.42086     0.49762    0.403196    0.458232    0.412014    0.371113    0.412714    0.473052    0.529685
   0.999591    0.764009    0.636528    0.455407     0.26394    0.292336    0.356343    0.319027    0.327405    0.390073    0.401107    0.318467       0.404    0.427405    0.348599    0.323853    0.374362    0.439653
   0.999749    0.249793    0.196499   0.0706435    0.167633    0.171258    0.175915    0.237536    0.271397    0.283898    0.293574    0.362939    0.295527    0.371977    0.376515    0.326973    0.294981    0.335914
  -0.999613   -0.252981    -0.20061  -0.0703284  -0.0932033   0.0292826    0.118226    0.127776    0.173695    0.236037    0.239916    0.274965    0.178247    0.275917    0.301946    0.256343    0.207748    0.205303
  -0.999112   -0.760691   -0.637291   -0.441988   -0.191167   -0.103328  -0.0424504   0.0680221    0.118677    0.120268    0.162216    0.176299     0.17247    0.168395    0.261502    0.262032    0.181163    0.095684
  -0.999788   -0.968965   -0.712136   -0.509318   -0.410577   -0.221863  -0.0860966   -0.044901   0.0120962   0.0678983   0.0882387   0.0750819    0.191788    0.086063    0.146505    0.204226    0.184097    0.101988
  -0.999792   -0.997633   -0.873597   -0.618517   -0.389204   -0.299921   -0.206774  -0.0957535  -0.0551666  -0.0385878  0.00131322   0.0344581   0.0458898  -0.0187168  -0.0013232   0.0591171   0.0485358   0.0489615
  -0.999615   -0.999935   -0.967839   -0.786463   -0.483477   -0.326243    -0.24856   -0.196944   -0.131714  -0.0944661  -0.0884953  -0.0624055  -0.0908099 -0.00193723  -0.0988725  -0.0375016    0.016028   0.0129467
   -0.99992   -0.999405   -0.971162   -0.768682   -0.534655   -0.404103   -0.297744   -0.234937   -0.213311   -0.188558   -0.161411   -0.161296   -0.176829  -0.0599238   -0.148571   -0.166344   -0.111496   -0.102201
  -0.999619   -0.998052   -0.888758    -0.59727   -0.472575    -0.39485   -0.350196   -0.292077   -0.265008   -0.268572   -0.269533   -0.245719   -0.202654   -0.245528   -0.243944   -0.319526   -0.243102   -0.231238
  -0.999541   -0.972351   -0.740997    -0.47799    -0.46818    -0.36598    -0.34021    -0.35967   -0.350924   -0.323355    -0.32901   -0.349137   -0.319199   -0.368052   -0.251706   -0.367245   -0.349577   -0.268839
  -0.999135    -0.78883   -0.643993   -0.441104   -0.385382    -0.39548   -0.390017   -0.366815   -0.375993   -0.421062   -0.427071   -0.392577   -0.388871   -0.420375    -0.35976   -0.357894    -0.45725   -0.419471
  -0.999881   -0.309386   -0.210013   -0.249071   -0.325762    -0.34703   -0.386401   -0.441893   -0.441782   -0.435024   -0.468531   -0.500499   -0.477782   -0.418808   -0.508732   -0.460489   -0.526595    -0.51423
   0.999653    0.311388    0.194319  -0.0975101   -0.212089   -0.336147   -0.415515   -0.444622   -0.465785   -0.509949    -0.52499   -0.512248   -0.518075   -0.531902   -0.596161   -0.493342   -0.490376   -0.537998
   0.999462    0.785058    0.485722   0.0511833   -0.231539   -0.346667    -0.40367   -0.475843   -0.508141    -0.52218   -0.566208   -0.593708   -0.562646   -0.563323   -0.571814   -0.612176    -0.52328   -0.570263
   0.999939    0.932414    0.420379   0.0380747   -0.135061   -0.345185   -0.470393   -0.504072    -0.52688   -0.561262   -0.595173   -0.602751    -0.60716   -0.634829   -0.568512   -0.642504   -0.615702    -0.67556
   0.999929    0.726957     0.49901   0.0726436   -0.242797    -0.36804    -0.43902   -0.519818     -0.5748    -0.59326   -0.613483   -0.638132   -0.625501   -0.633818   -0.655848    -0.69429   -0.627344   -0.607814
   0.999954     0.24989     0.17053  -0.0946733   -0.219862   -0.374069   -0.499501   -0.528576   -0.555742   -0.612797   -0.653185   -0.656307   -0.651203   -0.662085   -0.688055   -0.687612   -0.702365     -0.6454
  -0.999905   -0.253613   -0.187324   -0.212821   -0.369654   -0.420458   -0.490493    -0.57117   -0.602837   -0.622224   -0.649583   -0.679754   -0.673354   -0.684598    -0.68679   -0.692754   -0.763262   -0.743667
  -0.998882   -0.725679    -0.62398   -0.450453   -0.404118   -0.478664   -0.555857   -0.582855   -0.609578   -0.662689   -0.698207   -0.686282   -0.674161   -0.708448   -0.698828   -0.726935   -0.784892   -0.753213
  -0.999884   -0.959439   -0.690783   -0.527884   -0.568037   -0.525905   -0.560231   -0.616127   -0.635374   -0.657273   -0.704018   -0.728193   -0.706822   -0.697898   -0.731526   -0.793504   -0.774251   -0.751655
  -0.999792   -0.997273   -0.852632   -0.679982   -0.617219   -0.622634   -0.613405    -0.61541   -0.656096    -0.68942   -0.719227   -0.725887   -0.720085   -0.711432   -0.747294   -0.803219   -0.765798   -0.791245
  -0.999775   -0.999875    -0.96372   -0.887062   -0.736249   -0.665575    -0.65073   -0.684682   -0.676406   -0.709278   -0.744977    -0.76078     -0.7389   -0.715513   -0.766637   -0.796259   -0.741742   -0.807705
  -0.999973   -0.999589   -0.994959   -0.882697   -0.768275   -0.732906   -0.700368   -0.700915   -0.705407    -0.73628   -0.760943   -0.770624   -0.750779   -0.763031   -0.790529   -0.804639   -0.809233   -0.845298
  -0.999835    -1.00001   -0.999113   -0.875209   -0.794045   -0.767061   -0.749521   -0.746859   -0.719639   -0.741599   -0.783139   -0.786853   -0.745887   -0.769276   -0.778634   -0.821405   -0.847489   -0.854109
  -0.999807   -0.999941   -0.999998   -0.928153    -0.90702   -0.854702   -0.780453   -0.762525   -0.773639   -0.772983   -0.797945   -0.803348   -0.772212   -0.794438   -0.759535   -0.832276   -0.881608    -0.85555
  -0.999919   -0.999896   -0.999961   -0.974041   -0.947597   -0.890146   -0.832533   -0.780955   -0.803759   -0.815127   -0.829116   -0.823146   -0.779882   -0.799746   -0.836444   -0.871844   -0.856018    -0.84559
  -0.999906   -0.999894   -0.999783   -0.993708   -0.920353   -0.860273   -0.851284   -0.804564   -0.824315   -0.832915    -0.84315   -0.840252   -0.789553   -0.773558    -0.86628   -0.888174   -0.840512   -0.832879
  -0.999781   -0.999852   -0.999995    -0.99869   -0.921328   -0.899267   -0.907289   -0.845252   -0.820723   -0.858507   -0.874079   -0.844765    -0.80829   -0.809799   -0.877949   -0.882575   -0.858406   -0.892824
  -0.999829   -0.999814          -1    -0.99984   -0.951888   -0.954789   -0.954352   -0.902898   -0.831946   -0.868047    -0.91693   -0.866034   -0.816738   -0.850152   -0.848229   -0.841584   -0.889286    -0.91695
  -0.999782    -1.00001    -1.00005   -0.999867   -0.979342   -0.954031   -0.927224   -0.914216   -0.852437   -0.879632   -0.923835    -0.89711   -0.869869   -0.857847   -0.810288   -0.868635   -0.922634   -0.935891
  -0.999863   -0.999918    -1.00003   -0.999911   -0.991657   -0.935007   -0.915373     -0.9325   -0.882864   -0.885078   -0.901841   -0.913552   -0.896344   -0.865124   -0.831376    -0.93179    -0.94151    -0.92032
  -0.999621   -0.999932   -0.999873   -0.999879   -0.997625   -0.940954    -0.95321   -0.978071   -0.937507   -0.905045   -0.905697    -0.93294   -0.869496   -0.862439   -0.908029   -0.943886   -0.920852    -0.91638
  -0.999985   -0.999709    -1.00002   -0.999124   -0.999546   -0.964162    -0.97703   -0.974163    -0.95332   -0.921876   -0.914268   -0.939702   -0.895567   -0.921674   -0.940191   -0.950648   -0.923727   -0.918202
  -0.999961    -1.00001   -0.999502    -0.99872   -0.999075   -0.983932   -0.966425    -0.94348   -0.947313   -0.936839   -0.919393   -0.882759   -0.937658   -0.972465   -0.935007   -0.940447    -0.92348   -0.911176
  -0.999493   -0.999549    -1.00005   -0.998706   -0.998456   -0.994382   -0.955224   -0.950744   -0.977309   -0.968864   -0.935927   -0.916658   -0.960252   -0.949939   -0.978646   -0.984026   -0.934419   -0.882967
  -0.998016   -0.999672   -0.999206   -0.999784   -0.998795   -0.998444   -0.962492    -0.97894    -1.00058   -0.969736   -0.974879   -0.971845   -0.907294   -0.928072   -0.980188   -0.984332   -0.913583   -0.828008
  -0.999776   -0.999019   -0.999531    -0.99868   -0.999843   -0.999935   -0.981396   -0.987803   -0.966788   -0.961931    -1.01289   -0.957858   -0.858585   -0.886322   -0.951479   -0.970734   -0.899865    -0.84159
   -0.99988   -0.999793   -0.999676   -0.998752   -0.999839    -1.00001   -0.996695   -0.974622   -0.952567   -0.980718   -0.968249   -0.972568   -0.900746   -0.873456   -0.926229    -0.97901   -0.952083   -0.950586
  -0.999293   -0.998437   -0.995751   -0.997005   -0.998615    -1.00008    -1.00546   -0.971646   -0.971436   -0.961002   -0.964593    -1.02281   -0.945923   -0.962666   -0.988952    -1.05766    -1.05408    -1.05025
  -0.999057   -0.998138   -0.998708   -0.999934   -0.999363    -1.00062    -1.00924   -0.975535   -0.946323   -0.990087    -1.02611    -1.02956    -1.01383    -1.03814    -1.06583    -1.10824    -1.06219     -1.0458
  -0.994075   -0.996032   -0.998742   -0.999397   -0.999686    -1.00075    -1.01082   -0.993911   -0.981793     -1.0184    -1.04366    -1.01903   -0.985032   -0.965081   -0.922766   -0.921632    -0.94853   -0.986114
  -0.998451   -0.999242   -0.998907    -0.99943   -0.999645    -1.00017     -1.0112   -0.999791   -0.925133   -0.930647      -1.006   -0.974394   -0.952252    -0.90573   -0.852788   -0.845547   -0.884206   -0.923257

