   0.99992    0.999995           1           1    0.949428    0.978213    0.924817    0.879705    0.779497    0.830254    0.750993    0.691748    0.666158    0.643088    0.590991    0.552813
   0.999436     0.99904     0.99997    0.998142    0.984818           1    0.950035    0.910855    0.869776    0.904837    0.840002    0.785201    0.756631    0.715359    0.672197    0.641106
   0.999714    0.999963    0.999856    0.989333    0.968643    0.997498           1           1    0.986109    0.966978    0.914094    0.876827    0.891873    0.869394    0.823787    0.779153
   0.998334    0.999843     0.99928    0.973327           1     0.91243    0.937085    0.955915           1           1           1           1    0.984378    0.951173    0.933015    0.925769
   0.999787           1    0.999291    0.952456    0.970595     0.93226    0.834737    0.868339    0.925106    0.982498    0.975031    0.963516           1           1           1    0.970016
          1    0.999458    0.996372    0.947126    0.935622    0.950253    0.798741    0.774229    0.778385    0.835182    0.838763    0.892031    0.924194    0.959676    0.998422           1
   0.999187    0.999177    0.984894    0.962438    0.934311    0.881267     0.88098    0.772655    0.721925     0.72503    0.721276    0.772594    0.876376     0.89651    0.932878    0.942921
   0.999976    0.999521     0.95666      0.9448    0.883258    0.835504    0.796941    0.817774    0.706945    0.660569    0.584698    0.646359    0.716033     0.76192    0.775548    0.846184
   0.999676    0.999271    0.918124    0.872422    0.812477    0.820187    0.650642     0.79837    0.690934    0.605066    0.508319    0.503864    0.556326    0.644085    0.683394    0.720818
   0.998985    0.996605     0.90385    0.825416    0.793947    0.723567    0.632237    0.670979    0.737847    0.644698    0.515575    0.437335    0.434141    0.454138    0.526138    0.593214
   0.997481    0.977952    0.894609    0.762838    0.684709    0.602051    0.651322    0.465039     0.59128    0.624849    0.529866    0.447344    0.381385    0.372462     0.38543    0.433597
   0.999346    0.908763    0.752372    0.624944    0.567104    0.543252    0.485605    0.392949    0.461058    0.560045    0.492784    0.427725    0.388677    0.320308    0.298684    0.325492
   0.999643    0.777396    0.588437    0.536494    0.448069     0.38134    0.365545    0.458981    0.265221    0.417332    0.492993    0.435724    0.378304    0.290828     0.24936    0.236349
   0.999262    0.633761    0.447782    0.295015    0.263596    0.290613    0.252701     0.28095    0.155476    0.211579    0.333368    0.373038    0.396208    0.332791    0.230517    0.191357
   0.999463    0.247603     0.11502    0.139404    0.114083     0.10615    0.131356    0.109311     0.20042   0.0948092    0.218714    0.313451    0.319614    0.317629    0.285309    0.220211
   -1.00004   -0.243067   -0.110406   -0.135383  -0.0776813   -0.022946  -0.0121848 -0.00915972    0.166332   0.0480784   0.0439675    0.190448     0.26924    0.305713    0.265074     0.19994
   -0.99935   -0.629602   -0.444367   -0.289864    -0.21777   -0.198285   -0.124855  -0.0580982    -0.05968  -0.0136416  -0.0648173   0.0259822    0.146981    0.248733    0.285984    0.247411
  -0.998196   -0.781362   -0.588122   -0.518565   -0.395993   -0.302972   -0.257466   -0.196287   -0.198892   0.0215255  -0.0736933  -0.0795504   0.0587157    0.117361    0.208667    0.257565
  -0.999005   -0.912627   -0.754481   -0.587806   -0.526314   -0.471433   -0.338997   -0.260525   -0.219335  -0.0910556  -0.0809886   -0.129063   -0.059103   0.0486996    0.139527    0.205174
  -0.998561   -0.979338   -0.892376   -0.689668   -0.607574   -0.498739   -0.417904   -0.347064   -0.247126   -0.291741   -0.128996   -0.160707   -0.187892   -0.032425    0.051637    0.179709
  -0.998645   -0.995633   -0.900598   -0.750634   -0.682871   -0.572545   -0.481903   -0.410044   -0.323043   -0.330152   -0.133188   -0.140397   -0.169344  -0.0992113  -0.0610933  0.00202329
  -0.999554   -0.999617   -0.898588   -0.825022   -0.717568    -0.64802   -0.518315   -0.422213   -0.364114   -0.328305   -0.227355    -0.10242   -0.146988     -0.2369  -0.0505854   0.0143673
   -0.99784   -0.999243   -0.891773   -0.875474   -0.717765   -0.609987   -0.493577   -0.480081   -0.406457   -0.281031    -0.31141   -0.193351    -0.16933   -0.164781  -0.0947119  -0.0607452
  -0.999244   -0.997828   -0.862067   -0.792354   -0.688639   -0.640884   -0.525357   -0.433073   -0.364048   -0.335825   -0.330817   -0.172943   -0.118765   -0.135717   -0.223909   -0.081339
   -0.99915   -0.993645   -0.876567   -0.755249   -0.705774   -0.575227    -0.47762   -0.422667   -0.372849   -0.311584   -0.226985   -0.228415   -0.118547   -0.069926   -0.153012  -0.0867779
  -0.999545   -0.970645   -0.898046    -0.70085   -0.588716   -0.479474   -0.453811   -0.393465   -0.306635   -0.292416   -0.205086   -0.232234   -0.136636   -0.126551  -0.0612664  -0.0760931
  -0.995603   -0.867512   -0.713903    -0.55529   -0.517468   -0.476333   -0.350793   -0.302058   -0.286187   -0.245406   -0.172641   -0.210434   -0.158333  -0.0629011  -0.0157094   -0.149669
  -0.999112   -0.687495   -0.535267   -0.524348   -0.394388   -0.292665   -0.288357   -0.260877   -0.187938   -0.168873   -0.178934   -0.102366  -0.0924316  -0.0423119  -0.0386314  -0.0197479
  -0.997263   -0.613997   -0.453244   -0.254624   -0.215458    -0.24905   -0.166878   -0.128611   -0.151486   -0.130221   -0.082494  -0.0358534    -0.13545  -0.0620156   0.0240221   0.0329731
  -0.999353   -0.202644  -0.0582234   -0.145289  -0.0989787  -0.0412943  -0.0664825  -0.0748016  -0.0294212  -0.0265015  -0.0651385  -0.0282227  -0.0454144  -0.0375907  -0.0154331 -0.00802969
   0.998715    0.208894   0.0629159    0.148398   0.0942078   0.0305827   0.0550772   0.0622881   0.0165508  0.00826496   0.0462048   0.0205992   0.0334045   0.0162364 -0.00862466   -0.014314
   0.999744    0.614453    0.456554    0.257187     0.20932    0.234659    0.151783    0.112533     0.13699     0.11845    0.072598   0.0206966    0.121129    0.051849  -0.0265568  -0.0356954
   0.996768    0.684938    0.536146    0.523234    0.386848    0.285146    0.278088    0.250978     0.17746    0.154611    0.162706   0.0808079   0.0775972    0.029305   0.0155674 0.000809426
   0.999666    0.866746    0.714336    0.550118    0.517714    0.475402    0.339236    0.286362    0.267176    0.230137    0.168129    0.197136    0.133539   0.0448267   0.0122322    0.153147
   0.999687    0.970133    0.897494    0.684909    0.579954    0.471205    0.433337    0.375353     0.29547    0.282104    0.186453    0.215034    0.133975    0.131824   0.0615758   0.0746733
   0.999769    0.995601    0.873425    0.737309    0.687958    0.561311    0.471057    0.419952    0.360364    0.295173    0.208875    0.219937     0.10997   0.0597079    0.152745    0.083684
   0.999999    0.999542    0.858204    0.790557    0.688027    0.639037    0.522719    0.415045    0.351537    0.336874    0.322691    0.156734    0.108768    0.135477     0.22313   0.0757565
   0.999268     0.99939    0.879037    0.876796    0.710498    0.593894    0.485724     0.47644    0.402613    0.262937    0.302846    0.202288     0.17392    0.160254   0.0854376   0.0671679
   0.999947    0.999385    0.870697     0.80095      0.6936    0.640075    0.522988    0.414805    0.348279    0.312923    0.224394    0.092704    0.130107    0.224687   0.0432087  -0.0279851
   0.999996    0.997237    0.879893    0.735919    0.686115    0.570594    0.465979    0.401783    0.329881    0.325234    0.113301    0.128596     0.16865   0.0837175   0.0450242  -0.0044893
    0.99917    0.976396    0.905193    0.690301    0.590855    0.479462    0.419255    0.354706    0.234713    0.294857    0.143928     0.16501    0.178626    0.033244  -0.0493758   -0.193557
   0.999022    0.891471    0.738616    0.556192    0.516222    0.482783    0.331584    0.253079    0.219645    0.095418    0.073753    0.121667   0.0550875  -0.0594383   -0.156211   -0.207105
   0.998741    0.722005     0.55339    0.531684    0.398689    0.284165    0.256835    0.208317     0.19647  -0.0327801   0.0813981   0.0816595  -0.0667514    -0.11624   -0.194534   -0.256127
   0.999399     0.61825    0.468592    0.273617    0.204697    0.211665    0.127373   0.0456198   0.0780244   0.0367909   0.0714268  -0.0205704   -0.127925   -0.244242   -0.299043   -0.251704
   0.999931    0.244051   0.0814384    0.146479   0.0965137   0.0141655   0.0102783   0.0190961   -0.170305  -0.0501959  -0.0378523   -0.186169   -0.277308   -0.304696   -0.246333   -0.193969
  -0.998951    -0.23588  -0.0729296    -0.14001    -0.12417  -0.0864527   -0.122796   -0.114331   -0.199038  -0.0892379   -0.227582    -0.30808   -0.296828    -0.29987   -0.286617   -0.228009
  -0.998378   -0.610098   -0.461248   -0.270186   -0.240291   -0.297209    -0.25058   -0.255507   -0.135524   -0.203085   -0.307994   -0.349996   -0.396081   -0.335906   -0.229069   -0.186761
  -0.999227   -0.726769   -0.551561   -0.539957   -0.445528   -0.358473    -0.35651   -0.467844   -0.259239   -0.403829    -0.49143   -0.438256   -0.364659   -0.278865   -0.251323   -0.243942
  -0.999268   -0.897026   -0.739213   -0.593325   -0.551253   -0.551411   -0.471825   -0.370628   -0.466053   -0.559281   -0.472306   -0.406724   -0.379882    -0.31613   -0.292772   -0.336317
  -0.996385   -0.979234   -0.904522   -0.764065   -0.668062   -0.576737   -0.644866   -0.454329   -0.568767   -0.603733   -0.524761   -0.444281   -0.372659   -0.362011   -0.386517   -0.431045
  -0.999665   -0.997385   -0.888398   -0.810886   -0.794418   -0.722111   -0.619714    -0.66111     -0.7376   -0.645428   -0.502886   -0.426785   -0.425514   -0.438541    -0.51767   -0.598514
  -0.998678   -0.999641   -0.898496   -0.853956   -0.791945   -0.810095    -0.64535   -0.786899   -0.665143   -0.589334   -0.499258   -0.492911   -0.539992   -0.638808   -0.678447   -0.696814
  -0.998895   -0.997642   -0.948399    -0.94481   -0.878443   -0.820912   -0.776047   -0.807696   -0.703859   -0.656412   -0.581643     -0.6405   -0.704095    -0.74315   -0.763914   -0.840876
  -0.999429   -0.998991    -0.98194   -0.960138    -0.93419   -0.880657   -0.874203   -0.764746   -0.718118   -0.725145   -0.718331   -0.751003   -0.854944   -0.898164   -0.924523   -0.928467
  -0.998988   -0.998244   -0.994904   -0.933752   -0.922161   -0.935704   -0.781725   -0.768511   -0.769648   -0.817798   -0.829508   -0.885105   -0.925359   -0.947636   -0.986952   -0.998525
  -0.998359   -0.998169   -0.993956   -0.939383   -0.966994   -0.922665   -0.828581   -0.860227   -0.920568   -0.978543   -0.967985    -0.95667   -0.998507    -1.00442   -0.987647   -0.951106
  -0.996584   -0.997507   -0.996901    -0.96751     -1.0018   -0.909435   -0.937872   -0.948569   -0.984276   -0.987541   -0.995689    -1.00183   -0.976567   -0.939518   -0.924489   -0.918975
  -0.996497   -0.998202   -0.997443   -0.988148   -0.964635   -0.984214   -0.992333   -0.996142   -0.984349   -0.958187   -0.897978    -0.87003   -0.892189   -0.867981   -0.811479   -0.759293
   -0.99196     -0.9984   -0.999379    -0.99682   -0.970725    -0.98228   -0.933207   -0.892008   -0.852857   -0.895411   -0.838086   -0.784631   -0.747805   -0.700815   -0.663987   -0.634646
  -0.995978   -0.992864   -0.998832   -0.998119   -0.937754   -0.983849   -0.928412   -0.879901   -0.775188   -0.821354   -0.741888   -0.685774    -0.66453   -0.637001   -0.585453   -0.541752
