#M=50, t=0,20
 0.999975     0.999925     0.999793      0.99992            1      0.97603     0.956446     0.932392     0.929239     0.914328      0.85205      0.84739     0.857059     0.821062     0.784276     0.755951     0.731703      0.71549     0.695318     0.637442            1
    0.999969     0.999951     0.999984            1      0.99921     0.976622     0.991683            1            1      0.98298      0.91657     0.904821     0.904784     0.866165     0.845155     0.831254     0.800128     0.763257     0.746086     0.711156            0
    0.999801     0.999771     0.999844     0.999937     0.995993     0.962979     0.947897     0.992106     0.998189            1     0.976848     0.975637     0.983811     0.963231     0.906528      0.88821     0.884026     0.880095     0.851543     0.813222            1
    0.999995     0.999958     0.999955     0.999972     0.987831     0.987156     0.933101     0.940752     0.953524     0.980219            1            1            1     0.981512            1            1     0.978349     0.930362     0.931317     0.918084            0
    0.999959      0.99998            1     0.999734     0.972059            1            1     0.901292     0.889325     0.910981     0.931036     0.934202     0.965492            1     0.997492     0.999803            1            1            1     0.969705            1
           1     0.999974     0.999994     0.998954     0.954149     0.992124     0.969225     0.939323     0.893516     0.872023     0.887312     0.889008     0.891616     0.906277     0.917878     0.964449     0.967305     0.961434     0.999961            1            0
    0.999737     0.999875     0.999959     0.995112     0.950335     0.963623     0.932759     0.920413     0.930613     0.871864     0.834674     0.828389     0.802045     0.827643     0.841776     0.895018     0.908537     0.921032     0.970216     0.950827            1
    0.999939            1     0.999966      0.98476     0.970234     0.964366     0.946772     0.854083     0.953578     0.901736     0.821041      0.78457     0.770553     0.721512     0.707635     0.775574     0.831696     0.844617     0.854481     0.874799            0
    0.999835     0.999802     0.999612     0.962204     0.982905     0.970008      0.92295     0.883445     0.835372     0.912805     0.896436     0.839804     0.767526     0.681484     0.657912     0.651693     0.689583     0.737469     0.790903     0.793227            1
    0.999988     0.999943     0.999069     0.936079      0.94691     0.915608     0.870325     0.889975     0.728115     0.851285     0.860583     0.829308     0.777151     0.717849     0.652023     0.596047     0.597543     0.612928     0.624526     0.674487            0
    0.999986     0.999973     0.995228     0.935048     0.912908     0.885209      0.88387     0.836076     0.799813      0.75192     0.824476     0.863874     0.820351     0.691654     0.652845     0.602951     0.558781     0.541922     0.549253      0.55444            1
    0.999985     0.999958     0.980701     0.962657     0.919687     0.881778     0.842696     0.755142     0.808562     0.682155     0.661456     0.732739     0.781134      0.75301     0.686523     0.616794     0.553242     0.512678     0.492582      0.46263            0
    0.999549     0.999651     0.942452     0.941913     0.859404      0.80959     0.766489     0.752639     0.688883     0.708008     0.590796     0.642964     0.692808     0.685972     0.641525     0.661354     0.607248     0.512247     0.459122     0.424409            1
     0.99986      0.99965     0.894701      0.84838     0.782532     0.789504     0.741063     0.668956     0.612993     0.733061     0.642557     0.531856     0.572907     0.649594     0.643372     0.606189     0.583942      0.56452     0.505492     0.416987            0
    0.999915     0.996296     0.895554     0.818717     0.786717      0.71038     0.630606     0.586639     0.638062     0.518509     0.566901     0.455451     0.432229      0.47434      0.55554     0.598135      0.57649     0.529175     0.493735     0.444079            1
    0.999989     0.973424     0.900266     0.752392     0.650916     0.588017     0.581492     0.539689      0.48644     0.400282     0.577645      0.50093     0.369207     0.380378     0.423509      0.47929     0.504861     0.538217     0.526841     0.439252            0
    0.999927     0.882607     0.725494     0.599405     0.558171     0.552025     0.440261     0.417951     0.426311     0.454822     0.347752     0.454282     0.385165     0.298414     0.313277     0.401592     0.449655     0.429992     0.459485      0.48312            1
    0.999999     0.724214     0.561756     0.540161      0.43147     0.339515     0.350886     0.350878     0.301285     0.343868     0.176912     0.322733     0.313447     0.227282     0.210315     0.233098     0.324637     0.390324     0.405224     0.404291            0
    0.999878     0.636495     0.455656     0.269795     0.254729     0.277627     0.215508      0.18879     0.227176     0.201233     0.193759     0.208584     0.337542     0.259517     0.148158     0.136014     0.199323     0.251805     0.323464     0.387037            1
    0.999969     0.208121    0.0791364     0.149137     0.105756    0.0449072    0.0917968     0.112771    0.0825793    0.0739515     0.218753     0.034397     0.141929     0.214758     0.169481    0.0998098     0.104791     0.169184     0.209478      0.23448            0
   -0.999848     -0.20857   -0.0782104     -0.14839    -0.104886   -0.0361019    -0.050605   -0.0542969  -0.00396411    0.0205613   0.00246307   -0.0627022    0.0117663     0.119825    0.0934982    0.0527663    0.0123866    0.0564723     0.134714     0.191996            1
   -0.999666    -0.637178    -0.455578    -0.269172    -0.253726     -0.25435    -0.180153    -0.134433    -0.147702    -0.113515     -0.11162    0.0342589   -0.0918219    0.0381995      0.12051    0.0537235   -0.0266529   -0.0213043    0.0271232    0.0722273            0
    -0.99991    -0.723179    -0.562483     -0.53983    -0.428041    -0.311159    -0.317512    -0.286427    -0.211743    -0.188369    -0.184341   -0.0451766    -0.158618    -0.140867   -0.0121743    0.0489396    0.0255102   -0.0650767   -0.0500577   0.00462337            1
   -0.999936    -0.881664    -0.725165    -0.599554    -0.548064     -0.51375     -0.40005    -0.348019    -0.345146    -0.298707    -0.213108    -0.256133    -0.201117     -0.23339    -0.124476   -0.0566056   -0.0559012   -0.0686769   -0.0974347   -0.0682847            0
   -0.999648    -0.973761    -0.900895    -0.752029     -0.62674    -0.568421    -0.546571    -0.475546    -0.389749    -0.363475    -0.332457    -0.332157    -0.126013    -0.242658    -0.216274   -0.0732962   -0.0424155   -0.0666646    -0.133454    -0.105059            1
   -0.999078    -0.995212    -0.895155    -0.818193    -0.742939    -0.675984    -0.584905    -0.522639    -0.493946    -0.422547    -0.373534    -0.352918    -0.275972    -0.253628     -0.29325    -0.228942   -0.0973904   -0.0486279   -0.0898624    -0.172127            0
   -0.999996    -0.999399    -0.893775    -0.843965    -0.736943    -0.734323    -0.661016    -0.572036    -0.519525    -0.498457    -0.460545    -0.354209    -0.412693    -0.304992    -0.351425    -0.292688    -0.188241     -0.17287     -0.10398    -0.105609            1
   -0.999541      -0.9998    -0.942076    -0.927828    -0.823279    -0.754982    -0.687327    -0.655531    -0.598529    -0.510945    -0.460935    -0.449596    -0.467045    -0.259301     -0.26885    -0.331971    -0.264684    -0.122155   -0.0991946     -0.13399            0
   -0.999468    -0.999345    -0.980362    -0.926341    -0.897764    -0.829259    -0.739893    -0.640417    -0.588475    -0.568163    -0.512023    -0.464203    -0.388173    -0.369013    -0.300088    -0.335059    -0.306116    -0.198901     -0.16661   -0.0896722            1
   -0.999994    -0.999914    -0.994455    -0.873653    -0.858741    -0.786841    -0.739765    -0.690968    -0.608897    -0.575629    -0.524934    -0.485524     -0.40248    -0.459817    -0.324321    -0.339007    -0.350882    -0.307635    -0.192357    -0.123745            0
   -0.999261    -0.999826     -0.99509    -0.870423    -0.853898     -0.78048    -0.737213    -0.693985    -0.613761    -0.570729    -0.520775    -0.487094     -0.45409    -0.429564    -0.311653    -0.263294    -0.307833    -0.292808    -0.177221     -0.17823            1
   -0.999752    -0.999736    -0.981659    -0.921435    -0.894983    -0.829076    -0.742499    -0.633815    -0.590585    -0.571856    -0.528881    -0.462667    -0.433097    -0.359017     -0.36496    -0.260919     -0.28236     -0.29161    -0.267265    -0.159408            0
   -0.999782    -0.999772    -0.946283    -0.931097    -0.831283    -0.760342    -0.687675    -0.642606    -0.607184    -0.522234    -0.469947    -0.465455    -0.432122    -0.320177    -0.376542    -0.320972    -0.274568    -0.274436    -0.292629    -0.163544            1
   -0.999985    -0.999157    -0.896701    -0.847131    -0.734626    -0.730107    -0.661829    -0.568558    -0.533219     -0.52138    -0.476112    -0.404722    -0.364548    -0.366415    -0.346589    -0.268481    -0.191012    -0.244265    -0.232472    -0.176864            0
   -0.999349    -0.996937     -0.89143    -0.812143     -0.74039     -0.68261     -0.58384    -0.510626     -0.49973    -0.452936     -0.39666    -0.389442    -0.358952    -0.309704    -0.232007    -0.290641    -0.218061    -0.150191    -0.169407    -0.271083 4.43473e-320
   -0.999956    -0.977218    -0.903471    -0.760085    -0.634932    -0.564892    -0.540893     -0.48224    -0.402564    -0.383854    -0.363302    -0.315408    -0.287064    -0.286696    -0.222812    -0.237261    -0.209764    -0.170959    -0.187856    -0.160995 4.03158e-321
   -0.999724    -0.891896    -0.740433    -0.599993    -0.542544    -0.518057    -0.403957      -0.3633    -0.359117    -0.328671    -0.276798    -0.260846    -0.254134    -0.209244    -0.192805     -0.20285    -0.179096    -0.103602    -0.111326    -0.091333            1
   -0.999834    -0.728528     -0.55571    -0.539544    -0.437246    -0.314268    -0.310698    -0.301221    -0.239904    -0.217748    -0.223506     -0.20131    -0.166145    -0.161455    -0.168145   -0.0890068     -0.10345     -0.11634    -0.060289   -0.0393837            0
    -0.99974    -0.632715    -0.466298    -0.281428    -0.250412    -0.251273    -0.195341    -0.156755    -0.171395    -0.156498    -0.116577    -0.110537      -0.1272    -0.103153   -0.0803093   -0.0627911   -0.0967857   -0.0767585   -0.0288986   -0.0747558            1
   -0.999495    -0.243963   -0.0814927     -0.14161    -0.112955   -0.0442124   -0.0639321   -0.0776386   -0.0439126    -0.035293    -0.057781   -0.0458096    -0.016874   -0.0247147   -0.0388996   -0.0248705   -0.0361773   -0.0401926   -0.0041777  -0.00717407            0
     0.99992     0.228189    0.0746048     0.136749      0.11008    0.0434005    0.0660255    0.0798665    0.0472385    0.0388259    0.0591549    0.0495097    0.0198137    0.0276741    0.0414604    0.0268277    0.0385827    0.0429016   0.00887478   0.00949834            1
    0.999788     0.628921      0.46019     0.277806     0.247801      0.25094     0.196688     0.159376     0.172911     0.158574     0.120574     0.112176     0.130139     0.104669    0.0806122    0.0660757    0.0966194    0.0756053      0.02814    0.0745899            0
    0.999748     0.739149     0.554826     0.536827     0.435624     0.315866     0.311205     0.303254     0.242668     0.220654     0.227047     0.203135     0.169091     0.163706     0.170501    0.0915303     0.105744     0.118176     0.060534     0.043148            1
    0.999912     0.899678     0.743153     0.601475     0.542338     0.518944     0.405267     0.366674     0.361824     0.330428     0.278239     0.264406      0.25598     0.211509     0.195465     0.200847     0.181613     0.107822     0.112057    0.0908791            0
    0.999989     0.979379     0.902151     0.759463     0.637966     0.565887     0.540369      0.48281     0.405394     0.387089     0.364581     0.317676     0.288682      0.28907     0.226289     0.237838     0.209843     0.172903     0.188734     0.155976            1
    0.999786     0.997285        0.894       0.8123     0.743514     0.684108     0.585652      0.51179     0.501719     0.455741     0.399952     0.389857     0.362044     0.312668     0.234542     0.295151     0.223468     0.154139     0.174567     0.272506            0
    0.999724      0.99979     0.902545     0.849975     0.739652     0.732584     0.664184      0.56935     0.535445     0.523619     0.479426     0.408855     0.367459      0.36898     0.348342     0.273771     0.198767     0.246703     0.235486      0.18731            1
    0.999891      0.99994     0.949962     0.932531     0.833966      0.76246     0.688865     0.642128     0.609349     0.526068     0.474159      0.46903     0.433765     0.326216     0.381526     0.326363     0.276651     0.277616     0.294882     0.173081            0
    0.999898     0.999586     0.984052      0.92515     0.894139     0.829438     0.744898     0.636133     0.591938     0.570885     0.529866     0.466643     0.437004     0.363147     0.371582     0.270839     0.286586     0.297276     0.275541     0.169329            1
    0.999933     0.999224     0.995238     0.878543     0.857579     0.784437     0.739116     0.694778     0.612899      0.57295      0.52455     0.489616     0.458262     0.431628     0.318084     0.270464     0.310805     0.295823     0.186027     0.184698            0
    0.999539     0.999911      0.99499     0.881822      0.86264     0.789799     0.740549     0.692493     0.610381     0.578973     0.526802      0.48664     0.407597     0.459379      0.32519     0.334012      0.35222     0.311812     0.194218     0.127802            1
    0.999927     0.999945     0.982057     0.929512     0.897746     0.829556     0.743157     0.644263     0.588608     0.569534     0.513791     0.466752     0.388384     0.372315     0.302983     0.331949     0.306753     0.204821     0.171711    0.0913839            0
    0.999833     0.999791     0.947797     0.930307     0.827374     0.758511     0.689032     0.654647     0.600799      0.51409     0.460719     0.450516     0.465406     0.265795     0.267461     0.328597     0.265999     0.125396     0.101689     0.128877            1
    0.999792     0.999558     0.902886     0.849866     0.741409     0.735568     0.662981       0.5762     0.521112     0.495649     0.463226     0.359707     0.412327     0.302526     0.346254     0.295623     0.188101     0.166133     0.101085     0.102362            0
    0.999951       0.9967     0.900239     0.818982     0.744663     0.680355      0.58927     0.523316     0.494594     0.424166     0.374607     0.350481     0.285136     0.255933     0.292344     0.234094     0.101662    0.0509003    0.0866542     0.167559            1
    0.999872     0.976316     0.901336     0.754597     0.634422      0.56979     0.546101     0.478043     0.392713     0.363602     0.332192     0.329966     0.131391     0.241044     0.219941    0.0784758    0.0409183    0.0618107      0.12752     0.106666            0
    0.999992     0.892365     0.733453      0.60384     0.548265     0.516186     0.404682     0.350449     0.344719     0.300162     0.215865     0.255071     0.191564     0.230189     0.128629    0.0529499    0.0535441    0.0665196    0.0922227    0.0673934            1
    0.999658     0.739917     0.564014     0.539014     0.431486     0.316654     0.317377     0.287776     0.216734     0.189077      0.18028    0.0546125     0.154865     0.139476    0.0144694   -0.0484223   -0.0242926    0.0638643    0.0500216  -0.00613097            0
    0.999968     0.640543     0.456247     0.275411     0.254543     0.253467     0.184558      0.13716      0.14639       0.1159     0.112258   -0.0362233    0.0887396   -0.0345261    -0.122265   -0.0598179      0.01882    0.0207251   -0.0238267    -0.074497            1
    0.999946     0.218177     0.084671     0.144657     0.105579    0.0412191    0.0500453    0.0545734   0.00845214    -0.018571  0.000633499    0.0539813   -0.0117118    -0.124352     -0.10281   -0.0548971   -0.0120017   -0.0553993    -0.130932    -0.194472            0
   -0.999982    -0.216595   -0.0842788    -0.144356    -0.105613   -0.0491478   -0.0883615    -0.110136   -0.0838286   -0.0739727    -0.210579   -0.0353959     -0.13638    -0.212844    -0.171731    -0.103575    -0.105091     -0.16785    -0.210146    -0.236084            1
   -0.999824    -0.639296    -0.455437    -0.275306     -0.25532    -0.274011    -0.217279    -0.189457    -0.223939    -0.200951    -0.202568    -0.201802    -0.333885    -0.263866     -0.15295    -0.138754    -0.200938    -0.253718    -0.324284    -0.380431            0
          -1    -0.742324    -0.564517    -0.538595    -0.433651    -0.343339    -0.349398    -0.348942    -0.303567    -0.339665     -0.18271    -0.323975    -0.319405     -0.23003        -0.21    -0.233161     -0.32316    -0.390816    -0.410832    -0.400736            1
   -0.999969    -0.893201    -0.733383    -0.604098    -0.556936    -0.551351    -0.443703    -0.418315    -0.424517    -0.456079    -0.343993    -0.450578    -0.387527    -0.299766    -0.310417    -0.399039    -0.451829    -0.435045    -0.459492     -0.48116            0
   -0.999912    -0.976386    -0.900387    -0.754022    -0.656377    -0.589234    -0.580757    -0.540199    -0.487363    -0.407935       -0.574    -0.507347    -0.374761    -0.379268    -0.424749    -0.482513     -0.50804    -0.538509     -0.52851    -0.447478            1
   -0.999925    -0.996622    -0.900871    -0.820121    -0.785437    -0.713002    -0.634213    -0.587553    -0.636052    -0.519341    -0.572501    -0.461728    -0.433846    -0.475534    -0.553314    -0.597351    -0.579285    -0.533327    -0.495062    -0.448085            0
   -0.999983    -0.999714    -0.903801    -0.854232    -0.785331    -0.789596    -0.740454    -0.672671    -0.617392    -0.726437    -0.643946    -0.532955    -0.568682    -0.647912    -0.646952    -0.609547    -0.584272     -0.56497    -0.508651    -0.422111            1
   -0.999958    -0.999715    -0.948242    -0.943107    -0.862486     -0.81316     -0.76872    -0.751809    -0.690711    -0.717013    -0.596277    -0.642006    -0.692882    -0.689443    -0.645069    -0.661863    -0.609617    -0.517139    -0.463004    -0.426562            0
   -0.999962    -0.999932     -0.98267    -0.963293    -0.920001    -0.881925    -0.844917    -0.759371    -0.805927    -0.686861    -0.663792    -0.732043    -0.779176    -0.753945    -0.688856    -0.621231    -0.555473    -0.513646    -0.495186    -0.462592            1
   -0.999662    -0.999761    -0.995617    -0.939807    -0.916119    -0.886968    -0.882948    -0.837475    -0.806973    -0.752146    -0.820025    -0.863109    -0.824978    -0.695783    -0.656554    -0.606197    -0.560577    -0.541436    -0.549244    -0.555001            0
   -0.999944    -0.999869    -0.998937    -0.941945    -0.949356    -0.918833      -0.8732    -0.889335    -0.736791    -0.851326    -0.863147     -0.83361    -0.779961    -0.719153    -0.654248    -0.598516    -0.599432     -0.61424    -0.624069     -0.67423            1
   -0.999839    -0.999985     -0.99983    -0.966068     -0.98286    -0.970031    -0.924111    -0.887467    -0.836583    -0.911211    -0.897142    -0.842847    -0.770821     -0.68612     -0.66089    -0.652928    -0.690835    -0.736706    -0.788527    -0.796216            0
   -0.999847    -0.999496    -0.999842    -0.986437    -0.972017    -0.965635    -0.946961    -0.858133     -0.95511    -0.907625    -0.826646     -0.78745    -0.774049    -0.723097    -0.707809    -0.775358    -0.833991    -0.847438    -0.854116    -0.872485            1
   -0.999926    -0.999934     -0.99983    -0.995737    -0.954679    -0.966106    -0.936205     -0.92106    -0.932251     -0.87561    -0.836187    -0.829611    -0.803421    -0.826317    -0.841327    -0.898011    -0.910556    -0.918529     -0.97056    -0.952028            0
    -0.99999    -0.999983    -0.999957    -0.999027    -0.958622    -0.992764    -0.970295    -0.944734    -0.897077    -0.874674     -0.88682    -0.889198    -0.893952      -0.9084    -0.918542    -0.964995    -0.965828    -0.963836     -1.00141      -0.9985            1
   -0.999738    -0.999863    -0.999922    -0.999809    -0.974861     -1.00023    -0.999988    -0.906463    -0.892358    -0.913741    -0.933162    -0.935636    -0.967693     -1.00013    -0.997366    -0.999893    -0.999499    -0.998632     -1.00061    -0.969717            0
   -0.999761    -0.999948    -0.999947    -0.999917    -0.989332    -0.989098    -0.938658    -0.941549    -0.954028    -0.980667     -1.00057      -1.0034     -1.00173    -0.982461    -0.999274     -1.00039    -0.979268    -0.930546    -0.930537    -0.917698            1
    -0.99999    -0.999954    -0.999992     -1.00001    -0.996353    -0.967474     -0.95192     -0.99354     -1.00034      -1.0025    -0.979856    -0.977477    -0.983783    -0.965262    -0.909714      -0.8882     -0.88446      -0.8802    -0.854308    -0.817803            0
   -0.999982    -0.999978    -0.999885     -1.00004    -0.999379    -0.980792    -0.994701     -1.00013     -1.00022     -0.98432    -0.920418    -0.909077    -0.907625    -0.868689    -0.846559    -0.833101    -0.803003    -0.766447    -0.749168    -0.715012            1
   -0.999958    -0.999952    -0.999976    -0.999848      -1.0001    -0.979553    -0.959941     -0.93562    -0.931932    -0.917286     -0.85632     -0.84958    -0.859158    -0.822888    -0.786332    -0.756413    -0.732143    -0.719698    -0.699453    -0.640401            0

