0.999908   0.999516   0.999269   0.999269   0.999813          1          1   0.941482   0.696502   0.651195    0.48087
  0.998848   0.999212   0.999864          1          1   0.999482   0.997012   0.951709   0.788708   0.768416      0.679
  0.999911   0.999967   0.999956   0.999994   0.999923   0.996497    0.96533          1          1          1   0.815908
  0.999945          1          1   0.999451   0.995448   0.975181   0.984918   0.689464   0.880255   0.898608          1
  0.999651   0.999643   0.999591    0.99343     0.9608   0.887825    0.79226    0.59606   0.677931   0.852923   0.831788
  0.999999   0.999864   0.991667   0.936643   0.820653   0.735626   0.615224   0.656232   0.317014   0.539245   0.642851
  0.999994   0.989824   0.884995   0.689462   0.601792   0.642474   0.493284   0.359027   0.244195   0.360001   0.458711
  0.999897   0.745818   0.365188    0.30979   0.347297    0.21006  0.0920272   0.221126   0.355545   0.171487   0.382539
 -0.999927  -0.745857  -0.365491  -0.310092  -0.347472   -0.21031 -0.0567549 -0.0452242   0.157119   0.118023   0.151581
 -0.999939  -0.989732  -0.884731  -0.689522  -0.602284  -0.642581  -0.380568  -0.115937 -0.0174234   0.118675   0.044539
  -1.00001    -0.9999  -0.991747  -0.936508  -0.819893  -0.731472  -0.493818    -0.3327  -0.136218   0.226405   0.118414
 -0.999963  -0.999986  -0.999758  -0.993049  -0.955848  -0.861151  -0.638802  -0.329763  -0.148918   0.034064   0.133106
 -0.999936  -0.999968  -0.999721  -0.992488  -0.953131  -0.855624  -0.633858   -0.32287  -0.156834  -0.113892   0.121041
 -0.999987  -0.999792  -0.990834  -0.931757  -0.809235  -0.721619  -0.494959  -0.334226  -0.167593 -0.0650091   0.142004
 -0.999969  -0.988467  -0.875904  -0.674092  -0.592957  -0.642604  -0.382317  -0.158995 -0.0937462 -0.0538111  0.0470222
 -0.999871  -0.728513  -0.345087  -0.306685  -0.347581  -0.203006 -0.0603416  -0.109642 -0.0318629  0.0271818 -0.0166033
  0.999911   0.728067   0.343365   0.305915   0.347931   0.203881  0.0624153   0.118192  0.0416943 -0.0149476  0.0277092
         1   0.988977   0.877445   0.674344   0.591886   0.641483   0.391057   0.170077    0.10671  0.0691277 -0.0411155
  0.999679   0.999755    0.99113   0.932147   0.809314   0.720953   0.502865    0.34249   0.173741  0.0747999  -0.127657
  0.999779   0.999431   0.998995    0.99206   0.953278   0.856846   0.636402   0.326222   0.167941    0.12108  -0.110174
  0.999821   0.999874   0.999684   0.992854   0.956989   0.868277   0.647176   0.343454   0.158418 -0.0384045  -0.130705
  0.999637   0.999808   0.991289   0.937813   0.830604   0.751812   0.507761   0.333602   0.138824  -0.210353  -0.112448
  0.999876   0.988293   0.885039   0.706545    0.62821   0.652207   0.377914   0.123326  0.0183563  -0.116427 -0.0428612
  0.999972   0.735308   0.391677   0.336796   0.345534   0.209434  0.0693269  0.0470222  -0.162683  -0.121994  -0.152548
 -0.999714  -0.735349  -0.391871  -0.337014  -0.345662  -0.209466  -0.105181  -0.221155  -0.345108  -0.175225  -0.380636
 -0.999914   -0.98833  -0.884978  -0.706424  -0.628151  -0.652557  -0.489221  -0.367062  -0.252905  -0.360454  -0.468421
 -0.999986  -0.999842  -0.991184  -0.937765  -0.831043  -0.755799  -0.631036   -0.65499  -0.327764  -0.552027  -0.653133
 -0.999779  -0.999862  -0.999712   -0.99329  -0.961986  -0.894928  -0.798726  -0.606234  -0.684989  -0.853446  -0.840983
 -0.999998  -0.999924  -0.999959  -0.999664  -0.995786  -0.976224  -0.982756  -0.700373  -0.889229  -0.909377   -1.00428
 -0.999969  -0.999985   -1.00011   -1.00004  -0.999816  -0.996584  -0.974756   -1.01268   -1.00171   -1.00113  -0.824417
 -0.999828  -0.999914   -1.00008   -1.00012   -1.00032  -0.999797   -1.00776  -0.966849  -0.804703  -0.786409  -0.685836
 -0.999764  -0.999632  -0.999655  -0.999646  -0.999953  -0.999965   -1.00592  -0.942643  -0.703092  -0.659989  -0.486295
