# t=0,0.5,1,2,3,...,16, M=50, ksi 10**-2
  0.999925     0.997988     0.998544     0.999219            1            1     0.978011     0.967071     0.937953     0.890222     0.907724     0.854037     0.840201     0.818763     0.784643     0.741672     0.713019     0.706437
     0.99843     0.998941     0.998679            1     0.999406     0.998822      0.97999            1            1            1     0.994508     0.944635     0.912253      0.89427     0.870715     0.834745     0.801856     0.786576
    0.996481      0.99988            1     0.999913     0.999973     0.996094     0.967108     0.956564     0.979321     0.984813            1            1            1            1            1     0.961083     0.930114     0.916227
    0.999449     0.999399     0.998964     0.999167     0.999583     0.988347     0.989592     0.940177     0.929783     0.961838     0.938585     0.996369     0.971867     0.979174     0.983108            1            1            1
    0.998729     0.998726     0.999897     0.999583     0.999742     0.973759            1     0.999839     0.896101     0.903737     0.906489     0.929042     0.906192     0.896222     0.914824     0.932667     0.938904     0.958034
    0.999955     0.998752     0.999555     0.999068     0.999019     0.957186     0.990718      0.96063     0.937072      0.89282     0.890894     0.892789     0.853395     0.843325     0.855032     0.866433     0.866525     0.872469
    0.999705     0.999537     0.998311     0.998977     0.994631     0.955486     0.965072     0.918663     0.929311     0.937406     0.874865      0.86912     0.836892     0.813387     0.824708     0.812299     0.792054     0.788788
    0.999693     0.999978     0.999223     0.999628     0.984745     0.973552     0.964568     0.924749      0.86879     0.950512     0.914402     0.812841      0.81362     0.782475      0.77478     0.744917     0.755537     0.774554
    0.999992            1     0.999675     0.999581     0.964194     0.982288     0.961878     0.904362     0.878237     0.851282     0.915162     0.858731     0.818754      0.80253     0.756517     0.721038      0.70662     0.718406
           1     0.999607     0.999829      0.99875     0.940944     0.947396      0.90298     0.871174      0.88276     0.764017     0.844905      0.87173     0.805603     0.768597     0.762327     0.728718     0.708391     0.715393
    0.999245     0.999902     0.999191     0.993701     0.941033     0.917223     0.866192     0.886704     0.843701     0.807979     0.778027     0.823379      0.82895     0.749537     0.715633     0.715104     0.686926     0.675531
    0.999993      0.99904       0.9999     0.980232     0.964607     0.919064     0.852096     0.839908     0.771676      0.81963     0.717657     0.702209     0.765676     0.772292     0.706057     0.695645     0.674054     0.676398
    0.998962     0.999846     0.999587     0.945421     0.939361     0.853854     0.794874     0.768753     0.750933     0.713239     0.714698     0.669646      0.67955     0.726862     0.696308     0.651509     0.654908     0.651359
    0.999937     0.999809     0.999617     0.902537     0.853606     0.776841     0.788251     0.740718     0.685697     0.646396     0.751258     0.677715     0.585342     0.662958     0.718148     0.650689     0.609859     0.618128
    0.999831     0.999981     0.996162     0.904856     0.826152     0.762069       0.7167     0.653936     0.631277     0.650105      0.59756     0.618363     0.558129     0.550318     0.610442      0.65659     0.619433     0.598078
    0.999919     0.999903     0.973725     0.899752     0.750649     0.635626     0.604976     0.596639     0.570217       0.5561     0.507928     0.631292     0.553153     0.477166     0.549079     0.608305     0.595371     0.569697
    0.999799     0.997737     0.885387     0.728149     0.606452      0.56198     0.552443      0.48035      0.48779     0.518008      0.52059     0.508745     0.553888     0.517028     0.484933     0.512321     0.599392     0.599401
    0.999911     0.969806     0.740942     0.578069     0.532409     0.448362     0.394599     0.418616     0.422231     0.410877     0.472777     0.393584     0.497541     0.465559     0.414381      0.44124     0.515763     0.580427
    0.999817     0.777274     0.648878     0.448772     0.275265     0.302804     0.324745     0.303188      0.31961     0.374566     0.387454     0.358676     0.439946     0.469156     0.427375     0.389932      0.42678     0.520615
    0.999714     0.309902     0.201965    0.0904943     0.164667     0.152768     0.150506     0.228853     0.267565     0.280967     0.309013     0.411236      0.34376     0.423758       0.4564     0.403032     0.397602     0.454064
   -0.999616     -0.30525     -0.20287   -0.0890764   -0.0930223  -0.00232697    0.0911295     0.111385     0.160822     0.240849     0.284567     0.320929     0.257006     0.358903     0.397771     0.390104     0.358147     0.393037
   -0.999194    -0.780038    -0.647244    -0.435396    -0.211048    -0.144426   -0.0691037    0.0461981     0.124119      0.15649     0.217528     0.244035     0.293134     0.296137     0.374515     0.427311     0.340031     0.353025
   -0.999814      -0.9714    -0.739458    -0.531409     -0.44036    -0.243888   -0.0992666   -0.0365233     0.038311     0.125797     0.177268     0.198724     0.320104     0.257388     0.325094     0.397306     0.404848     0.373242
   -0.999933    -0.997661    -0.886229    -0.632202    -0.450782    -0.314498    -0.221118   -0.0778563    0.0116053    0.0654128     0.128416     0.194834     0.223386     0.215223     0.253181     0.301088     0.384539     0.356427
   -0.999061    -0.999679    -0.969628    -0.786432    -0.544361     -0.35913    -0.222555    -0.122101   -0.0340869    0.0400096    0.0921833     0.148408     0.151527     0.263243     0.223875     0.241804     0.363578     0.385131
   -0.999362    -0.998557    -0.971555    -0.786961    -0.543024    -0.367065    -0.222836    -0.130753   -0.0578588    0.0100809    0.0721366     0.111831     0.134747     0.230682     0.205391     0.215864     0.276016     0.323262
   -0.999791    -0.997434     -0.89087    -0.634204    -0.445547    -0.328616    -0.245079     -0.12588   -0.0488413  -0.00557458    0.0388318    0.0852265     0.134509     0.123401     0.170274     0.184072     0.163346     0.225293
   -0.998113    -0.973808    -0.746514    -0.528826    -0.432029    -0.262126     -0.15215    -0.108072   -0.0638577 -0.000484508    0.0325033    0.0504509    0.0920209    0.0793714     0.146608     0.143634     0.122733     0.193966
   -0.999955    -0.795371    -0.649567    -0.432037    -0.217866    -0.180027    -0.135161    -0.058834   -0.0207474   -0.0184401    0.0113903    0.0491875    0.0472175     0.053628     0.106373     0.116594    0.0585656    0.0458053
   -0.999633    -0.346774    -0.211302    -0.091275    -0.111536   -0.0572891   -0.0163636   -0.0326698   -0.0180145    0.0137519   0.00624742  -0.00981097    0.0120136    0.0541224    0.0313282    0.0129368    0.0112703 -0.000997321
    0.995742     0.343625     0.200244    0.0887959     0.117124    0.0655112    0.0266931    0.0409403    0.0213562   -0.0181945  -0.00766408    0.0106554   -0.0108492   -0.0545415   -0.0377792  -0.00551792  -0.00639352   -0.0004238
    0.999627     0.796891     0.650859     0.427147     0.219855      0.18672     0.138962    0.0618345    0.0294833    0.0278179   -0.0125772   -0.0572414   -0.0479171   -0.0420996   -0.0972368    -0.118118   -0.0602043   -0.0500792
    0.999296     0.971851     0.752525     0.529421     0.429166     0.264424     0.159837     0.119252    0.0686618   0.00362464   -0.0271817   -0.0391902   -0.0938081   -0.0859388    -0.131514    -0.133187     -0.11668    -0.193417
    0.999934     0.998069     0.892036     0.642505     0.452652      0.33985      0.25284     0.127103    0.0531372    0.0185436   -0.0297145   -0.0839962    -0.127978     -0.12495    -0.175257    -0.190742    -0.159872    -0.209877
    0.999451      0.99992     0.970692     0.806123      0.55653     0.365411     0.223717     0.140987    0.0697227  -0.00497729   -0.0618318    -0.100073    -0.125856    -0.232365    -0.208454    -0.208502    -0.277741     -0.32046
    0.999927     0.999571     0.965794     0.784275     0.539991     0.361826     0.239563     0.128029    0.0345474   -0.0306392   -0.0812131    -0.142005    -0.143437    -0.239356    -0.217267    -0.243713    -0.358365    -0.376814
    0.999792     0.996736     0.882218     0.628976     0.470103     0.328434     0.214993    0.0807801   0.00134982   -0.0605611     -0.12642    -0.179766    -0.217808    -0.211234    -0.248846    -0.299176    -0.388387    -0.359302
     0.99982      0.95955     0.768157     0.562863       0.4419      0.23904     0.109136    0.0449835   -0.0403549    -0.120596    -0.165719    -0.189529     -0.30774    -0.251792    -0.318968    -0.393981    -0.392042    -0.361673
    0.998583     0.753951     0.666473     0.418779     0.217604     0.163575     0.068563    -0.048447    -0.114956    -0.151404    -0.217086    -0.241098    -0.273767     -0.28503     -0.36139     -0.41275    -0.331562    -0.357359
    0.999534     0.355949     0.178574     0.110407     0.102694  -0.00678329   -0.0833881     -0.10121    -0.163996    -0.238277    -0.272601    -0.323683    -0.266307    -0.353741    -0.392747    -0.385894    -0.354276    -0.384891
   -0.999841    -0.362226    -0.173224    -0.109142    -0.172903    -0.137114    -0.150255    -0.233849    -0.256763    -0.274703     -0.30994     -0.39719    -0.343408    -0.427068    -0.452912    -0.388074    -0.391926    -0.441379
    -0.99973    -0.749754    -0.670777    -0.430747    -0.273381    -0.316216    -0.321223    -0.293961    -0.323866    -0.372329    -0.380073    -0.347392    -0.436187    -0.458102    -0.414191    -0.383628    -0.420498    -0.515303
    -0.99904    -0.958319    -0.769307    -0.611188    -0.531527    -0.438756     -0.39949    -0.422139    -0.415432    -0.406167    -0.476481    -0.404274    -0.491825    -0.465816    -0.417817       -0.447    -0.503418    -0.577562
   -0.998635    -0.995502    -0.882061    -0.716806    -0.623472    -0.577585    -0.543258    -0.475129    -0.496217    -0.518535    -0.503499    -0.518358    -0.557383    -0.511867    -0.478427    -0.508892    -0.594704    -0.595686
   -0.997754     -0.99764    -0.968601    -0.891269    -0.741454    -0.631113     -0.61739    -0.597999    -0.561393    -0.557287    -0.514749    -0.620654    -0.541045    -0.476778    -0.550494     -0.59558    -0.591009    -0.565426
   -0.999371    -0.999489    -0.994692    -0.925756    -0.842401    -0.761657    -0.706505    -0.654428    -0.634982    -0.642741    -0.606058    -0.625195    -0.570853    -0.557715    -0.615841    -0.661062    -0.614442    -0.588287
    -0.99912     -1.00001    -0.998271    -0.916238    -0.858334    -0.792297    -0.799307    -0.737949     -0.67764    -0.649268    -0.752373    -0.673037    -0.589394    -0.670986    -0.718796    -0.646801     -0.61349    -0.622265
   -0.999324    -0.999796    -0.999758     -0.94547    -0.927737    -0.845817    -0.797897     -0.77574     -0.75218    -0.717291    -0.711124    -0.670821    -0.679682    -0.724107    -0.703836    -0.656044    -0.652934    -0.642063
   -0.999894    -0.998161    -0.999312    -0.980094    -0.970033    -0.921631    -0.850496    -0.830619    -0.766901    -0.822438     -0.72946    -0.707108    -0.771193    -0.778929    -0.701604    -0.695476    -0.679409    -0.682736
   -0.999272    -0.999465    -0.998366    -0.994731    -0.954956    -0.926606    -0.874168     -0.88999    -0.838176    -0.794701    -0.780887    -0.831134    -0.828413    -0.748238    -0.717695    -0.723729    -0.688196     -0.67509
   -0.998451    -0.999496    -0.998355    -0.997852    -0.946519    -0.942384    -0.898742    -0.876101    -0.890341    -0.776118    -0.844408    -0.873217    -0.815204    -0.773952    -0.764664    -0.732136    -0.713847    -0.721137
   -0.999145    -0.998919    -0.999354    -0.999468     -0.96434    -0.975742    -0.955519    -0.898776    -0.868875    -0.858925    -0.923229    -0.859278    -0.810615    -0.796306    -0.749739    -0.719357    -0.716568    -0.732973
   -0.998936    -0.998985    -0.999552    -0.996303    -0.984163    -0.976454    -0.969265    -0.929801    -0.878012    -0.946011    -0.908428     -0.81531    -0.816981    -0.783096    -0.775959     -0.74918    -0.765041    -0.780756
    -0.99393    -0.997505    -0.998576    -0.994282    -0.993842    -0.964435    -0.967158    -0.919971    -0.941085    -0.947646    -0.880372    -0.874782     -0.84359    -0.815676    -0.832596    -0.816699    -0.794931    -0.800025
   -0.994677    -0.997542     -0.99831    -0.999497    -0.996498    -0.962646    -0.984404    -0.957469    -0.934911    -0.888325     -0.88868    -0.899759     -0.85475    -0.842479    -0.859048    -0.871394    -0.866023    -0.869418
   -0.999683    -0.996827    -0.999673     -0.99594    -0.995768    -0.970989    -0.997437     -1.00106    -0.910652    -0.906984    -0.904431     -0.92848    -0.910751    -0.897559    -0.916068    -0.934291    -0.941245     -0.96287
   -0.998912    -0.995402    -0.991103    -0.995748     -0.99284    -0.987641    -0.996649    -0.947265    -0.939104    -0.972129    -0.948219     -0.99754    -0.967418    -0.981731     -0.98852     -1.00356     -1.00006     -1.00083
   -0.993404    -0.991651    -0.983321    -0.996367    -0.993553     -0.99489    -0.975076    -0.962244    -0.977511    -0.986229     -1.00452     -1.00025      -1.0013     -1.00438    -0.996059    -0.960278    -0.936033    -0.919032
   -0.986304    -0.988964    -0.995565    -0.988891    -0.997121    -0.995693    -0.985604     -1.00246    -0.995986    -0.996958    -0.989711    -0.937743    -0.909811     -0.89956    -0.876426    -0.837777     -0.79998    -0.781865
   -0.996901    -0.996807     -0.99834    -0.997712     -0.99982    -0.998779    -0.980035    -0.979436    -0.947369    -0.899791    -0.913916    -0.858287    -0.844123    -0.818727    -0.788533    -0.745075    -0.716481    -0.710917

