#M50, t=0, 19.9, ksi = 10**-2
0.999982      0.99974     0.999723     0.999178      0.99978     0.999805     0.999955            1            1            1     0.982278     0.958844      0.98022     0.991526     0.991992     0.980332     0.975048     0.971519     0.965546     0.952384            1
    0.999644      0.99976     0.999994     0.999804     0.999262     0.999409      0.99971       0.9995     0.999746     0.999304     0.981893     0.985437     0.995078     0.992438     0.998802     0.993521      0.98997     0.984016     0.974686     0.958385            0
     0.99958     0.999888     0.999703     0.999837     0.999993            1     0.999997       0.9999     0.999899     0.997003     0.973712     0.974098     0.985982     0.982973            1            1            1            1            1            1            1
    0.999856     0.999734      0.99942     0.999954     0.999529     0.999867      0.99964     0.999991     0.999905     0.992974     0.980164     0.990349     0.971857     0.978555     0.994799     0.991651     0.991927      0.99037     0.990027     0.987991            0
    0.999479     0.999943     0.999968     0.999992     0.999934     0.999917      0.99999      0.99972     0.999379     0.986142      0.98422     0.983602     0.984778     0.999128     0.992147     0.973537     0.965738     0.958614     0.953132     0.958676            1
     0.99994     0.999863     0.999613     0.999944            1     0.999501     0.999233     0.999943     0.998619     0.977728     0.997411     0.978584        0.968            1      0.99158     0.973546     0.959418     0.943988     0.940809     0.953024            0
     0.99975     0.999961     0.999968     0.999532      0.99973     0.999931     0.999724      0.99978     0.996124     0.972871            1            1     0.962029     0.985156     0.997177      0.99811     0.985922     0.967474     0.961199     0.964185            1
    0.999821     0.998942     0.999935     0.999994     0.999976     0.999913     0.999943     0.999516     0.990827     0.973842     0.992076     0.998421            1     0.968428     0.986292      0.99353     0.982906     0.970974      0.96913     0.965329            0
    0.999818     0.999665      0.99956     0.999886     0.999894     0.999369     0.999877     0.999349      0.98397     0.984113     0.982522     0.990306     0.984536     0.981555     0.984176     0.960276      0.95352      0.96885     0.994181     0.997573            1
    0.999889     0.999697      0.99984     0.999808      0.99993     0.999778            1     0.998478     0.975185     0.995327      0.98625     0.986854     0.976289     0.976876     0.986819      0.94069     0.933585     0.958276     0.979872     0.983726            0
    0.999983     0.999891      0.99964      0.99995     0.999891     0.999893     0.999681     0.995789       0.9692     0.995719     0.997254     0.994034     0.996161     0.959296     0.994652     0.972864     0.957067     0.950308     0.950426     0.963783            1
    0.999779     0.999965     0.999707            1     0.999878     0.999986     0.999741     0.990692     0.971842     0.984407     0.994769     0.996628     0.990156     0.980796     0.950789     0.963191     0.968291     0.948124     0.932057     0.933308            0
    0.999091     0.999504     0.999341     0.999795      0.99943     0.999951     0.999502     0.981678     0.984469     0.977227     0.982344     0.983897     0.976318     0.973718     0.924159     0.953031     0.984907     0.977952     0.952057     0.925825            1
    0.999701     0.999719     0.999961     0.999764     0.999912     0.999855     0.998112     0.971654     0.995378     0.986119     0.984677       0.9839     0.980267     0.958533     0.978659     0.952449     0.941453     0.959025     0.967925     0.951533            0
    0.999859     0.999859     0.999659      0.99861     0.999873      0.99974     0.995573     0.965157     0.991286     0.994357     0.993981     0.990342     0.976866     0.963218     0.950072     0.946291     0.915741     0.942094     0.964776     0.955101            1
    0.999444     0.999507     0.999792     0.999877     0.999478     0.999595     0.989728     0.970319     0.976956     0.983417     0.983313     0.974528     0.955456     0.953275     0.932094     0.980723     0.960193     0.921645     0.915617     0.944091            0
           1     0.999869     0.999888     0.999967     0.999572     0.999458     0.979176     0.985827     0.974793     0.973926     0.972636     0.964584     0.954045     0.957958     0.981683     0.917868     0.947979     0.899937     0.883234     0.907222            1
    0.999946            1     0.999972     0.999846     0.999666     0.998477     0.966448     0.994502     0.988404     0.984223     0.979979     0.967488     0.954553     0.955859      0.95602     0.888452     0.944278     0.948672     0.913424     0.884618            0
    0.999888     0.999893     0.999997     0.999889     0.999665     0.994969     0.960334     0.983998      0.98746     0.981445     0.967206     0.946527       0.9395     0.949173       0.9373     0.960932     0.886999     0.912128     0.916296     0.883436            1
    0.999779     0.999918     0.999531     0.999998     0.999848     0.987809     0.969018     0.968664     0.968646     0.960089     0.944916     0.938572     0.951855     0.951881     0.942273     0.914111     0.858509     0.879893     0.929748     0.902638            0
    0.999915     0.999995            1     0.999782     0.999473     0.974746     0.986922     0.975517     0.970245     0.960906     0.949764     0.950457       0.9459     0.923869     0.923519     0.876889     0.938278     0.873813     0.872023     0.905336            1
    0.999933     0.999865     0.999899     0.999937     0.998452     0.959864     0.990892     0.986674     0.976454     0.955591     0.936693     0.931958     0.918636     0.919518     0.918978     0.903705     0.871711     0.855737     0.812972      0.85964            0
    0.999796     0.999865     0.999803     0.999857     0.995144     0.954193     0.971143     0.968735     0.949423      0.92417       0.9234     0.932862     0.922109     0.912391     0.889378     0.887301     0.812377     0.905854     0.838017     0.812949            1
    0.999959     0.999739     0.999933     0.999965     0.986297     0.967728     0.959796     0.951784     0.934036     0.926799     0.939573     0.921979     0.892559     0.876863     0.886968     0.866372     0.858137     0.827592     0.853877     0.784685            0
    0.999975     0.999985     0.999927     0.999519     0.969353     0.987859     0.975962      0.96121     0.937969     0.925429     0.909589     0.883335     0.881493     0.881499     0.871869     0.831139     0.851261     0.744459     0.833511     0.783226            1
    0.999625     0.999795     0.999811     0.998855     0.949663     0.979531     0.968272     0.936372     0.905884     0.898925     0.888517     0.888891      0.86995     0.846165     0.830142     0.834492     0.796958     0.782727     0.775887     0.828705            0
    0.999973     0.999525     0.999428     0.994466     0.944782     0.949135     0.930256     0.901416     0.903204     0.906267     0.880618     0.851845     0.828361     0.831912     0.830448     0.794983     0.755008     0.816667     0.694061      0.73974            1
    0.999924     0.999597     0.999907     0.983605     0.966094     0.950094     0.927816      0.91129     0.906653     0.861935     0.833625     0.826818     0.832881     0.802831     0.774515     0.760325     0.775731     0.711068     0.682131     0.679546            0
    0.999576     0.999912     0.999631     0.959447     0.981781     0.957882     0.914325     0.882865     0.849975     0.830526     0.834306     0.814996     0.773502      0.75813      0.76392     0.746217      0.70815     0.649337     0.774332     0.652471            1
    0.999808     0.999981      0.99908     0.930784     0.945406     0.903204     0.860343     0.857248      0.83947     0.825368     0.779239     0.755149     0.752214     0.745543     0.711415     0.679742     0.677777     0.693555     0.624142     0.603004            0
     0.99987     0.999977     0.994664     0.929097      0.90884     0.871283     0.871699     0.850677     0.793749     0.752228      0.75042     0.744197      0.71084     0.670622     0.674037     0.669646     0.629566      0.62141     0.527438     0.669792            1
    0.999914      0.99978     0.979377     0.959482     0.917793     0.870708     0.833852     0.760845     0.747343     0.741298     0.714186     0.666139     0.648819     0.657415     0.628365     0.585727     0.588008     0.568948     0.569274     0.563749            0
    0.999869     0.999978     0.939122     0.941603     0.858657     0.796979     0.756027     0.752278     0.720927     0.664848     0.632906     0.643653     0.618479      0.56963     0.562715     0.565581       0.5372     0.496607       0.5543     0.406721            1
    0.999701     0.999092     0.887388       0.8446     0.778172      0.77786     0.734909     0.678696     0.616088     0.613181     0.614922     0.555444     0.524287     0.536835     0.521597     0.476684     0.462894     0.483969     0.437495      0.38304            0
    0.999516     0.995885     0.888042     0.814906     0.786684     0.702474     0.623992     0.592622     0.597332     0.546792     0.495712      0.50239     0.494273     0.450552     0.429659     0.436896     0.425992     0.388263     0.354784     0.482236 4.43473e-320
    0.999478     0.973185     0.899524     0.752715     0.648903     0.577409      0.58106     0.539041     0.461298     0.452239     0.463504     0.420013     0.378663      0.38745     0.389372     0.348026     0.327853     0.343051     0.349077     0.315945 4.03158e-321
    0.999984     0.877969      0.72301     0.595141     0.556058     0.547728     0.441115     0.396879     0.416547      0.38574      0.33369     0.329903     0.339642     0.307776     0.276171     0.288307      0.29198      0.25306     0.257391     0.205162            1
    0.999144     0.711224     0.556503     0.543182     0.433169     0.333308     0.351143     0.337747     0.271382     0.256271     0.275984     0.254243     0.211319     0.218524     0.235119     0.201326     0.177922     0.202906     0.195368     0.151351            0
    0.999975      0.63213     0.461058     0.268657     0.253231     0.278594     0.207457     0.164715     0.194189     0.186994     0.142849      0.13794     0.162572     0.142504     0.109573      0.12769     0.141745     0.107666    0.0951176      0.16238            1
    0.999289     0.210991    0.0763115     0.151935     0.109849    0.0418957    0.0717517    0.0936828    0.0484134    0.0365296    0.0686258    0.0645047    0.0280102    0.0379268    0.0655264    0.0409648      0.01945    0.0482333    0.0546485    0.0401167            0
   -0.999438    -0.198811   -0.0693543    -0.146436    -0.105533   -0.0382044   -0.0691903   -0.0905472   -0.0448925   -0.0333103   -0.0652884   -0.0614598   -0.0250116   -0.0355345   -0.0624879   -0.0379618   -0.0174672   -0.0453787    -0.051987    -0.038742            1
   -0.999703    -0.634056    -0.454568    -0.264798    -0.249265    -0.274824    -0.203747    -0.160873    -0.190574    -0.183715    -0.139872    -0.134915    -0.159789    -0.140073     -0.10738    -0.125432    -0.138507    -0.105201   -0.0929531    -0.158916            0
   -0.999992    -0.717735    -0.556867    -0.539163    -0.429598    -0.331184    -0.348006    -0.334835     -0.26858    -0.253094    -0.272957    -0.251715    -0.209256    -0.215463    -0.232244    -0.199085    -0.175443    -0.200703    -0.192875    -0.147881            1
   -0.999227    -0.881259    -0.724133    -0.594352    -0.555151    -0.544313    -0.437781    -0.395344    -0.414185    -0.382896    -0.331464    -0.327448    -0.336755    -0.305094    -0.274925     -0.28644    -0.289079    -0.250804    -0.254835    -0.204629            0
   -0.999949    -0.974291    -0.900629    -0.752089    -0.647702    -0.576012    -0.578979    -0.536099    -0.459337    -0.450048    -0.461174    -0.418325    -0.376934    -0.385279    -0.386899    -0.345766    -0.326511     -0.34021    -0.345287    -0.314942            1
    -0.99996    -0.996137    -0.892104    -0.816949    -0.785093    -0.700772    -0.623301     -0.59118    -0.595566    -0.545232    -0.494317    -0.500255    -0.491965    -0.448982    -0.427713    -0.434101     -0.42325    -0.385784    -0.354025    -0.476928            0
   -0.999505    -0.999422    -0.891529    -0.845861     -0.77903    -0.777803    -0.733731    -0.677403    -0.615445    -0.612439    -0.612759    -0.553581     -0.52329    -0.535241     -0.51928    -0.475142    -0.460882    -0.481048     -0.43661    -0.381225            1
   -0.999657     -0.99959    -0.941486    -0.941865    -0.858961    -0.797667    -0.756642    -0.751953    -0.719681    -0.664122    -0.632047    -0.642184    -0.616985    -0.568452    -0.560769    -0.562897    -0.534494    -0.495224    -0.551407    -0.409071            0
   -0.999918    -0.999854    -0.980007    -0.961166    -0.917891    -0.869694    -0.833131    -0.761407    -0.747277    -0.740459    -0.712668    -0.664954    -0.647566    -0.655233    -0.625645    -0.583843    -0.586313    -0.567628    -0.565667    -0.563381            1
   -0.998993    -0.999118    -0.993902    -0.932117    -0.910603     -0.87233     -0.87165    -0.849501    -0.792305    -0.752109    -0.750633    -0.743177     -0.70849    -0.669587    -0.672747    -0.667047    -0.627857    -0.620482     -0.52837    -0.663984            0
   -0.999996     -0.99971    -0.999152    -0.933451    -0.945766    -0.903676    -0.860634    -0.857738      -0.8398    -0.823798    -0.778347    -0.754748    -0.751086    -0.743545    -0.709499    -0.678323    -0.676244    -0.690139    -0.625209    -0.602834            1
   -0.999739    -0.999606    -0.999117    -0.960532    -0.980702     -0.95768    -0.914166    -0.882201    -0.850505    -0.830761    -0.833865    -0.812521    -0.771739    -0.756699    -0.763185    -0.744738    -0.706763    -0.649366    -0.770105     -0.65171            0
   -0.999514    -0.999975     -0.99858    -0.981891    -0.967495     -0.94985    -0.927126    -0.911206    -0.906591    -0.861243    -0.833003    -0.826374     -0.83238    -0.801011     -0.77344    -0.759881    -0.773818     -0.71115    -0.680229    -0.679198            1
   -0.998589    -0.999677    -0.999455    -0.993457    -0.947279    -0.949521    -0.930516    -0.902041    -0.902628    -0.906149    -0.880123    -0.851525    -0.827554    -0.830656    -0.828817    -0.792888    -0.753609    -0.814738    -0.696519     -0.73919            0
   -0.999301     -0.99815    -0.998142    -0.998249    -0.951552    -0.979314    -0.967502    -0.936755     -0.90624     -0.89897    -0.887129    -0.888505    -0.869173    -0.845161    -0.829565    -0.833929    -0.797325    -0.780401    -0.775778    -0.826867            1
   -0.999556    -0.997641    -0.997767    -0.999491     -0.96737    -0.986888    -0.976201     -0.96041    -0.937676    -0.925556    -0.909392    -0.883541    -0.881095    -0.881352    -0.870561    -0.830103    -0.850305    -0.747285     -0.83216    -0.782024            0
   -0.998703    -0.998362    -0.998846    -0.999882     -0.98718      -0.9693    -0.960997    -0.951693     -0.93516    -0.927456    -0.939749    -0.921413    -0.891178    -0.876147    -0.884844    -0.865732    -0.856651    -0.828666    -0.853098    -0.785951            1
   -0.998362     -0.99767     -0.99977    -0.998755    -0.995342    -0.956171    -0.971752    -0.968762    -0.948432    -0.923685    -0.924452    -0.933338    -0.921659    -0.911799     -0.88897    -0.887159    -0.814332    -0.903839    -0.836728    -0.812857            0
   -0.997126    -0.999127    -0.999286    -0.998223    -0.998007    -0.961772    -0.990205    -0.986738    -0.975789    -0.955601    -0.937289    -0.931778     -0.91951     -0.91844    -0.918507     -0.90257    -0.873273    -0.856381    -0.814518    -0.858959            1
   -0.998944    -0.999424    -0.999089    -0.999953    -0.999378    -0.976428    -0.988128    -0.976391    -0.970623    -0.961154    -0.949912    -0.948961     -0.94556    -0.922239    -0.923361    -0.877743    -0.936753    -0.873503    -0.872427     -0.90556            0
   -0.999366    -0.999904    -0.999823    -0.999872    -0.999721    -0.988761     -0.97053    -0.968726    -0.968915     -0.96042    -0.945764    -0.939403    -0.952291    -0.952119    -0.941858    -0.914588    -0.859269    -0.879693    -0.928483     -0.90204            1
   -0.998158    -0.999278    -0.998324    -0.999566     -0.99963    -0.994712    -0.962389    -0.983881    -0.987079    -0.980856    -0.966664    -0.947463    -0.938659    -0.949613    -0.937335    -0.960119    -0.888437    -0.912863    -0.916632     -0.88446            0
   -0.999939    -0.999557    -0.999855     -0.99982    -0.999955    -0.998469    -0.968519    -0.994751    -0.988071    -0.984031    -0.979347    -0.967692    -0.953246    -0.956182     -0.95669    -0.889469     -0.94331    -0.947789    -0.913385    -0.884796            1
   -0.998667    -0.999844    -0.999553    -0.999223    -0.999841    -0.998249    -0.977764    -0.986241    -0.976076    -0.974698    -0.972805     -0.96526    -0.954725    -0.958284     -0.98122    -0.919363    -0.947924    -0.901286    -0.883769    -0.906962            0
   -0.998656    -0.997418    -0.999953    -0.999544    -0.999302     -0.99974    -0.990062    -0.971885    -0.977524    -0.983449    -0.982255    -0.972894    -0.955865    -0.954212    -0.934035    -0.980747    -0.959584    -0.922032    -0.916583    -0.944605            1
   -0.999942    -0.999046    -0.999952     -0.99963    -0.998847    -0.999854     -0.99564     -0.96703     -0.99132    -0.994228    -0.993365    -0.988702    -0.977421    -0.963589    -0.951979    -0.947042    -0.917017    -0.941743    -0.964318    -0.954777            0
   -0.999932    -0.999795    -0.998236    -0.999069     -0.99965    -0.998898    -0.998539    -0.972193     -0.99519    -0.985504    -0.984936    -0.983697    -0.980826    -0.959772       -0.979    -0.953202    -0.942665    -0.959386    -0.968312    -0.952349            1
    -0.99907    -0.999459    -0.997937    -0.999493     -0.99911    -0.999769     -0.99956    -0.982711    -0.985394      -0.9767    -0.981781    -0.984214    -0.976729    -0.974985    -0.926612    -0.954495    -0.985003    -0.977916    -0.952246    -0.925604            0
   -0.999536    -0.999925    -0.999835     -0.99925    -0.999705    -0.999917    -0.999857    -0.991053      -0.9731    -0.983606    -0.993115    -0.996645    -0.990179    -0.980869     -0.95273    -0.964707    -0.969174    -0.949226    -0.932979    -0.933972            1
   -0.998946    -0.999262    -0.999895    -0.999072    -0.999175    -0.999592    -0.998471    -0.995072    -0.969773    -0.996038    -0.997342    -0.994618    -0.996625    -0.960835    -0.995133    -0.973886    -0.957532    -0.950958    -0.950245    -0.963658            0
   -0.998718    -0.998717    -0.998926    -0.998842      -0.9994    -0.999818    -0.999433    -0.998583    -0.976139    -0.995632    -0.986921    -0.987385    -0.976671    -0.977791    -0.987968    -0.942853    -0.934947    -0.957915    -0.979787    -0.984191            1
   -0.998776    -0.998902     -0.99968    -0.999625    -0.999995      -0.9999    -0.999884    -0.998769    -0.982294    -0.984081    -0.983132    -0.990284    -0.984876    -0.982546    -0.984765    -0.961122    -0.955027    -0.970259    -0.994358    -0.997445            0
   -0.999114    -0.998582    -0.998742    -0.998876    -0.998019    -0.996653    -0.999777    -0.999775    -0.991315    -0.975083    -0.992675    -0.998193    -0.999396    -0.969674    -0.986916    -0.993146     -0.98378    -0.971291    -0.969958    -0.965945            1
   -0.999831    -0.999789    -0.998655    -0.999701    -0.999823    -0.999441    -0.999813    -0.999556    -0.996355    -0.973828    -0.999748     -1.00002    -0.963274    -0.986338     -0.99764     -0.99817    -0.986439    -0.968007    -0.961859    -0.964127            0
   -0.998064    -0.999671    -0.999878    -0.999971    -0.999738    -0.999954    -0.999447    -0.997236    -0.997812      -0.9779    -0.997886    -0.979393    -0.969963     -1.00011    -0.992438     -0.97428    -0.959804    -0.945132    -0.941128    -0.953186            1
   -0.999518    -0.999468    -0.998921    -0.996718    -0.997184    -0.999713    -0.998419    -0.998846    -0.999121    -0.986931    -0.984753    -0.984259    -0.985704    -0.998904    -0.991911    -0.973967    -0.966265    -0.959139    -0.954152    -0.959654            0
   -0.999209    -0.998331    -0.999491     -0.99989    -0.999824    -0.999563    -0.997409    -0.999925    -0.999153    -0.993327    -0.981412    -0.991171     -0.97284    -0.978711     -0.99499    -0.992078    -0.991928    -0.992087    -0.990508    -0.988703            1
   -0.999818    -0.999492    -0.999374    -0.999968    -0.999815    -0.998962    -0.998586    -0.998829    -0.999089    -0.997071    -0.975084     -0.97564    -0.987333    -0.984355      -1.0003     -1.00047     -1.00094     -1.00017     -1.00027     -1.00126            0
   -0.999965    -0.999654    -0.999828    -0.999926    -0.998561    -0.999091    -0.998856    -0.999081    -0.999689    -0.998882     -0.98275    -0.986416    -0.995425     -0.99316    -0.999681    -0.993907    -0.989872    -0.984216    -0.975476    -0.959201            1
   -0.999755    -0.999975    -0.998808    -0.998242    -0.998672    -0.997066    -0.999616     -0.99938    -0.999839     -1.00008    -0.983382    -0.961464    -0.981275    -0.992059     -0.99245    -0.980586    -0.975577    -0.971702    -0.966687    -0.952773            0

