 #t=0,25. M=50
    0.999997     0.999709     0.999861     0.999799     0.999814     0.999878     0.999981     0.999993     0.999938            1     0.999964            1     0.997793     0.968786      0.98742     0.973314     0.987373     0.991509     0.990345     0.984907     0.983209     0.980461     0.977846     0.972772     0.959792     0.299441
    0.999854      0.99996     0.999991     0.999941     0.999854     0.999824     0.999975     0.999851     0.999974      0.99989     0.999857      0.99996     0.995861     0.978421     0.994359     0.998201            1     0.994559     0.992895     0.989104       0.9882     0.985037     0.981907     0.977464     0.968033    -0.233512
    0.999626     0.999971     0.999779     0.999929     0.999995            1     0.999908     0.999945     0.999889     0.999956            1     0.999564     0.991415     0.976557     0.970725     0.997416     0.996391      0.99323      0.99684     0.997324            1            1            1            1            1 -9.90883e-05
    0.999976     0.999881     0.999984     0.999826     0.999674     0.999864     0.999786            1     0.999973     0.999979     0.999937     0.998686     0.987482     0.996144     0.972063     0.986352      0.98131     0.986998     0.993846     0.994232     0.996757      0.99661     0.995053     0.991375     0.988443  -0.00266976
    0.999606     0.999997     0.999922            1            1     0.999911      0.99994     0.999877     0.999973     0.999976     0.999877     0.997127     0.982275      0.99618     0.984764     0.985789     0.989025     0.992781     0.987598      0.97848     0.975223     0.970857     0.966093     0.963565     0.969822     0.469097
    0.999931     0.999972     0.999821     0.999935     0.999951     0.999792     0.999799     0.999992     0.999821     0.999813     0.999705     0.994026     0.982315            1     0.980467     0.981158     0.998012     0.997491     0.987624     0.977375     0.971902     0.963746     0.955185     0.952718     0.961781     0.981139
    0.999681      0.99963     0.999802     0.999603     0.999936     0.999995     0.999767     0.999853     0.999936     0.999997     0.999371     0.989329     0.986622     0.992794            1     0.968774     0.995408     0.996164            1            1     0.996155      0.98307     0.968593     0.964405     0.969511  -0.00101318
    0.999916     0.999753     0.999943      0.99994     0.999998      0.99999     0.999961     0.999662     0.999768     0.999684     0.998285      0.98366     0.994862     0.986794     0.990885     0.989808     0.991306     0.979111     0.991271     0.996513     0.993517     0.980524      0.97098     0.975781     0.982433  0.000484805
     0.99982     0.999755     0.999754     0.999998     0.999929     0.999908     0.999992     0.999993            1     0.999867     0.996723     0.979201            1     0.991994     0.984942     0.979291     0.990693     0.983668     0.982845     0.974579     0.971721     0.970783     0.979884     0.996189     0.998146     0.989811
    0.999987     0.999617      0.99997     0.999973     0.999987     0.999977     0.999931     0.999894     0.999933     0.999614     0.993434     0.978943     0.997486     0.998377     0.996032     0.973976     0.986748            1     0.987779     0.965629     0.956189     0.956694     0.971765     0.987728      0.99204     0.457996
    0.999973     0.999956     0.999688     0.999997     0.999853     0.999931            1     0.999991     0.999966     0.999458     0.988037     0.984692     0.989234       0.9978     0.997755            1     0.969953     0.999345     0.997077     0.980813     0.963429     0.954075     0.961855     0.971711     0.981534   0.00615639
    0.999936     0.999915     0.999751     0.999907     0.999879     0.999988     0.999905     0.999881     0.999635      0.99855     0.981804     0.993637     0.986192     0.989814      0.99324      0.98932     0.987347      0.98078     0.974719     0.977149     0.970577      0.96546     0.963167     0.957233     0.960163  -0.00327364
    0.999538     0.999746     0.999539      0.99952     0.999826     0.999837     0.999875     0.999984     0.999939     0.996575     0.977144     0.998013     0.992611     0.988291     0.988428     0.982519     0.986748     0.972665     0.961554     0.968053     0.979111      0.98654     0.976193     0.959839     0.953304    -0.212113
    0.999797     0.999945     0.999997     0.999901     0.999934     0.999856     0.999929     0.999955     0.999695     0.992895     0.977525     0.993127     0.998777     0.996252     0.993848     0.995082     0.976169     0.990569     0.980249     0.952468     0.958379     0.976619      0.98267     0.986481     0.979481    -0.184221
     0.99995     0.999979     0.999909      0.99944     0.999759     0.999898     0.999998     0.999961     0.999399     0.986786     0.984846     0.984087     0.993585     0.996513     0.996329     0.992222     0.990577     0.960494     0.973954     0.948408     0.950858     0.963696     0.977671     0.986882     0.976847   0.00666708
    0.999941     0.999841      0.99994     0.999978     0.999847     0.999987     0.999963     0.999947       0.9986     0.979652     0.994328     0.983816     0.985753     0.987562     0.987306      0.98282     0.983043      0.94277     0.968252     0.982594     0.981669     0.956718     0.951904     0.962418     0.977511   0.00190165
    0.999997     0.999988     0.999934     0.999839     0.999712     0.999946     0.999903     0.999724     0.996343     0.974749     0.996862     0.992636     0.989545     0.988185      0.98741     0.985191     0.975376     0.978012     0.947271     0.969425     0.976755     0.950228     0.935556     0.939506     0.953717     -0.55267
    0.999984     0.999935     0.999972     0.999945     0.999954     0.999892     0.999816     0.999866     0.992285     0.976359      0.98938     0.995675     0.996806     0.995393     0.992837     0.984449     0.976203     0.958197     0.950751      0.95651      0.97264     0.981618     0.964541     0.941286     0.932225    -0.509278
    0.999896     0.999937     0.999946     0.999861     0.999577     0.999672     0.999936     0.999488     0.985369     0.985562     0.980716     0.986209     0.990042     0.988528     0.982758     0.969984     0.964068     0.947216     0.985896     0.965512     0.941632     0.958323     0.960114      0.94438      0.92733   0.00492793
    0.999692     0.999818     0.999707     0.999984     0.999942     0.999769     0.999988     0.998396     0.977476     0.995173     0.984261     0.981639     0.982841     0.981339     0.976128     0.966488     0.964642     0.980229     0.950384     0.964391     0.932444     0.937376     0.961046     0.962648     0.939785  -0.00599717
    0.999994     0.999982     0.999933     0.999867     0.999983     0.999926     0.999862     0.996176     0.971766     0.994911     0.994046     0.990318     0.990034     0.987151      0.97878     0.965815     0.966084     0.969917     0.937522      0.96611     0.970803     0.933003     0.922185     0.941586     0.959297     0.681135
    0.999892      0.99975     0.999925     0.999959      0.99994     0.999849     0.999332     0.991466     0.974895       0.9844     0.991248     0.991215     0.989335     0.980134     0.964391     0.952539     0.963109     0.961392     0.978227     0.923099     0.952228     0.924655     0.898359     0.920704     0.947275     0.990549
    0.999983     0.999985     0.999981     0.999971      0.99994     0.999867     0.999318     0.983281     0.986071     0.977857     0.979574     0.979201     0.975923     0.965421       0.9547     0.958124     0.973427     0.969242     0.951827     0.914983     0.934523      0.95672     0.936946      0.91093     0.917705  -0.00586974
    0.999946      0.99996     0.999956     0.999896      0.99995     0.999788     0.998442     0.973781     0.995724     0.986647     0.982178     0.979858     0.976621     0.967044     0.960661     0.964124     0.962988     0.951552      0.93158      0.96048     0.911437     0.915131     0.930723     0.901453     0.886253  -0.00994149
    0.999971            1      0.99998     0.999941            1     0.999961     0.996049     0.968838     0.991361     0.993643     0.990643     0.985222      0.97476     0.958045     0.951852     0.953654     0.953193     0.952234      0.95371     0.915987       0.9038     0.892102     0.935967     0.935359     0.893079     0.653026
    0.999946     0.999958     0.999849     0.999946     0.999865     0.999747     0.990431     0.973442     0.978061     0.982681     0.979937     0.969657     0.954023     0.944502     0.954635     0.958808     0.955195     0.943229      0.92847     0.888065     0.946416     0.914923     0.886408     0.914555     0.916833    -0.129497
    0.999975     0.999994     0.999998     0.999979     0.999957     0.999635      0.98076     0.987355     0.976748     0.974053     0.969783     0.960589     0.952079     0.956235     0.962456     0.946206     0.935936     0.926467     0.921789     0.933327       0.8889     0.899352      0.85107     0.883192     0.910745 -0.000413483
    0.999988     0.999977     0.999977     0.999986     0.999882     0.998517     0.969659     0.994899     0.988582     0.983716     0.976707     0.962971     0.952326     0.950908     0.940914     0.930725     0.934973     0.927448     0.917114     0.906865     0.848181     0.920632     0.898757     0.858573     0.880603  -0.00762356
    0.999924     0.999974     0.999984     0.999966     0.999757     0.995778     0.964329     0.984378     0.986804     0.980353     0.963924     0.942371     0.938043     0.943312     0.939342     0.936247     0.922103     0.905636     0.902671     0.889232     0.911045     0.856754     0.885235     0.843007     0.829076     0.190487
    0.999974     0.999969            1     0.999803     0.999905     0.988892     0.972247     0.970399     0.969563     0.960028     0.942722     0.935137     0.949496     0.947063     0.929513     0.909703      0.90179       0.9057     0.902957     0.883141     0.881555     0.805786     0.868935     0.867376     0.812124    -0.928209
           1     0.999996            1      0.99987     0.999503     0.977152      0.98885     0.977174     0.971132     0.960721     0.947123     0.945798     0.942921     0.918936     0.908467     0.903504     0.908299     0.891355     0.874392     0.871916     0.837246      0.86861     0.822573     0.866494     0.849735  -0.00161721
    0.999915      0.99989     0.999951     0.999883     0.998624     0.963561     0.991284     0.987104      0.97622     0.954648     0.933902      0.92809     0.917437     0.914172     0.910782     0.893616     0.877636     0.870993     0.872261     0.857676     0.829809     0.855487      0.78713      0.79774     0.826098  -0.00413969
    0.999983     0.999989     0.999825     0.999981     0.995436     0.958731     0.972229     0.968752     0.949672     0.924542     0.921758     0.928617     0.919508     0.906344     0.879661     0.869947     0.873873     0.869706     0.845036     0.821869     0.843984     0.777581     0.815448     0.763289     0.823078     0.319055
    0.999841     0.999967     0.999809     0.999819     0.987149     0.971197     0.962123     0.952873      0.93529     0.927314     0.936432     0.916538     0.890098     0.872424      0.87495     0.870078     0.853627     0.828656     0.826613     0.824474     0.802345     0.757698     0.825191     0.779841     0.738681    -0.510072
    0.999938     0.999931     0.999911     0.999406     0.971967     0.988976     0.976994     0.961501      0.93804     0.925245     0.906715     0.879472      0.87954     0.876005     0.860935     0.830015     0.824457     0.828551     0.811251     0.783801     0.765595     0.810739     0.720743      0.75228     0.683879  -0.00528933
    0.999994     0.999935     0.999968      0.99891     0.954037     0.979706     0.967904     0.936465     0.906254     0.899684     0.886495     0.884205     0.866506     0.840723     0.821111      0.82385     0.816299     0.788423     0.770011     0.769163     0.768538     0.740195      0.66841     0.776061     0.739455    0.0082837
    0.999989     0.999931     0.999809     0.995091     0.950139      0.95111     0.931391     0.903131     0.904307     0.905569     0.876811     0.847337     0.826643     0.826903     0.819084     0.789211      0.77022     0.765831     0.764525     0.735462      0.71838     0.697646     0.751511     0.664911     0.705547     -0.12315
    0.999987      0.99973     0.999891     0.984817     0.969522     0.952187     0.928787     0.911538     0.906214     0.861014     0.831442     0.823353     0.829494      0.79672     0.765081     0.757964     0.760997     0.738016     0.706572     0.704019     0.705704     0.684819     0.685642     0.581689     0.675076    -0.211848
    0.999932     0.999935     0.999726     0.962777     0.982248     0.957605     0.913927     0.883117     0.851611     0.830897      0.83067     0.809674     0.770784     0.753608     0.754108     0.739212     0.703897     0.691271     0.697908     0.676379     0.648359     0.656044     0.607275     0.649182     0.599796  -0.00753852
    0.999734     0.999952     0.998804     0.936598     0.946422     0.903746     0.861959     0.858691     0.839528     0.823038      0.77614     0.751833     0.749431     0.739215     0.701779     0.674768     0.683928     0.670457     0.636468      0.62376     0.631914     0.611658     0.570196     0.639573      0.52109    0.0036975
    0.999877      0.99966     0.995141     0.935076     0.911858     0.873364     0.872111     0.849423     0.792916     0.752203     0.748537     0.738765     0.707048     0.666605     0.665346     0.663623     0.627664     0.603931     0.610779     0.601334     0.571302       0.5507     0.588087     0.509247     0.507386    -0.957614
    0.999722     0.999911     0.981084     0.962293     0.918697     0.870281     0.832819     0.761889     0.748065     0.739813     0.710084     0.662136      0.64696      0.65168     0.618837     0.581409     0.584181     0.582824     0.553442     0.529435     0.535498     0.532485     0.500197     0.436468     0.581425    -0.133339
     0.99986     0.999924      0.94345      0.94189     0.858711     0.798653     0.757741     0.751997     0.718668     0.663399     0.630766     0.638939      0.61451     0.565527     0.555666     0.559594     0.535656     0.502773      0.50384     0.507694     0.477833     0.455074      0.45076     0.490097     0.422504    0.0068244
    0.999749       0.9991     0.895455     0.847889     0.780808     0.778308     0.733243     0.676963     0.616916     0.612929     0.609909     0.551196     0.522843     0.532528     0.512722     0.472471     0.463866     0.473675     0.453167     0.419814     0.424634     0.427241     0.396127     0.407806     0.305186   0.00861787
    0.999932     0.996443     0.895515     0.817586     0.784989     0.699964     0.624869     0.592915     0.594907     0.544482       0.4933     0.499049     0.490578     0.446071     0.423924     0.432633     0.423236     0.385169     0.381246     0.393805     0.368779     0.339421     0.358624     0.333264     0.330414    0.0519526
    0.999771     0.974438     0.900046     0.751985     0.648956     0.578989     0.579386     0.535526     0.460707     0.451284     0.459391     0.415281     0.376994     0.384205     0.382034     0.344543     0.327549     0.344556     0.333284     0.296762     0.300053     0.311696     0.284646     0.253495     0.347155    -0.169727
    0.999783     0.884529     0.725375       0.5982     0.556022     0.543687     0.439173     0.397658     0.414978     0.382167     0.331696     0.327895     0.336401     0.303194     0.273035     0.286179       0.2892     0.252027     0.244004     0.264356     0.245153      0.21665     0.225777     0.249791     0.199588   0.00320996
     0.99989     0.726288     0.560874     0.538507     0.430289     0.333695     0.349719      0.33462     0.269469     0.255629     0.272701     0.249644     0.209641     0.216463     0.229595     0.198144      0.17754     0.200269     0.197543     0.161944     0.166139     0.183351     0.163372     0.151704     0.118353   0.00349148
    0.999817     0.638623     0.455167     0.268601     0.253066     0.274518     0.204802     0.164314     0.192221     0.183494     0.140866     0.136797     0.159328     0.138851       0.1082     0.126264     0.138966     0.105702    0.0982101     0.123938     0.111937     0.085589    0.0996387     0.106056     0.107405     0.749431
      0.9999     0.208132    0.0782536     0.148463     0.105144    0.0406555    0.0716966    0.0907167    0.0456477     0.036337    0.0665471    0.0612107    0.0271882    0.0382239    0.0624864    0.0381619    0.0196397    0.0474902    0.0509217    0.0201707    0.0267823     0.049166    0.0333676    0.0114515    0.0595205     0.499283
   -0.999977    -0.209273    -0.079316    -0.149769    -0.105804   -0.0409255   -0.0720611   -0.0910545   -0.0456715   -0.0367443   -0.0667941   -0.0613154   -0.0271448   -0.0381913   -0.0623148   -0.0383892   -0.0196788   -0.0476524   -0.0513849   -0.0202508   -0.0267896   -0.0491926   -0.0335842   -0.0116923   -0.0598849   0.00489832
   -0.999984    -0.639626    -0.455031     -0.26889    -0.253936    -0.275178    -0.204894    -0.164308    -0.192477    -0.183603     -0.14087    -0.136901    -0.159679    -0.139158    -0.108564    -0.126262     -0.13912    -0.105761   -0.0980261    -0.124138    -0.111927   -0.0855762   -0.0996853    -0.106294    -0.107304  -0.00186212
   -0.999991    -0.726354    -0.561978    -0.539177    -0.430011    -0.333934    -0.350279    -0.334993    -0.269606     -0.25558    -0.273092    -0.249851    -0.209504    -0.216203    -0.229575    -0.197937    -0.177687    -0.200468    -0.197519    -0.161935     -0.16635    -0.183456    -0.163133    -0.151572    -0.118374    -0.180361
   -0.999852    -0.883176    -0.724109    -0.598134    -0.557217    -0.543985    -0.438854    -0.397855    -0.415516    -0.382203    -0.331332    -0.327666    -0.336458    -0.303366    -0.273171    -0.286283    -0.289098     -0.25193    -0.244143    -0.264212    -0.245023    -0.216832     -0.22609    -0.250197    -0.200187     0.430566
   -0.999978    -0.974021    -0.900022    -0.750806    -0.648175    -0.579147    -0.580138    -0.535557    -0.460286    -0.451267    -0.459559    -0.415563    -0.377025    -0.384509    -0.382058    -0.344559    -0.327587    -0.344538    -0.333285    -0.296574    -0.300392    -0.311777    -0.284564     -0.25302    -0.347431  -0.00698931
   -0.999954    -0.996352    -0.896321    -0.817968    -0.784971    -0.699609    -0.624734    -0.593341    -0.595395    -0.544491      -0.4932    -0.499159    -0.490588    -0.445871    -0.423778    -0.432537    -0.423073    -0.385122      -0.3812    -0.394007    -0.368707    -0.339347    -0.358637    -0.333024    -0.329328   0.00902858
   -0.999946    -0.999661    -0.895308    -0.847493    -0.780636    -0.778876    -0.733372    -0.676531    -0.616843    -0.613272    -0.610106    -0.550915    -0.523097    -0.532675    -0.512873     -0.47253    -0.464067    -0.473711    -0.452821    -0.419882    -0.424471    -0.427354    -0.396279    -0.408587    -0.304851    -0.859498
   -0.999838    -0.999674     -0.94292    -0.941372    -0.857989    -0.798127    -0.757733    -0.752381    -0.718769    -0.663317    -0.631053    -0.639312    -0.614671    -0.565405    -0.555604    -0.559957    -0.535782    -0.502706    -0.504147     -0.50788    -0.477585    -0.454858     -0.45054    -0.489642    -0.423327    -0.527335
   -0.999996    -0.999976    -0.980746     -0.96272    -0.918749    -0.869943     -0.83241    -0.761887    -0.748448    -0.740229      -0.7099     -0.66196    -0.647077    -0.652073    -0.618813    -0.581229    -0.584168    -0.582877    -0.553384    -0.529343    -0.535883    -0.532314    -0.500372     -0.43581    -0.581694  -0.00455544
   -0.999952    -0.999905    -0.995213    -0.935557    -0.911939    -0.873349    -0.872473    -0.849479    -0.792589     -0.75222    -0.749024    -0.739298    -0.706873    -0.666428    -0.665799    -0.663954    -0.627521     -0.60412    -0.610813    -0.601233    -0.571394    -0.550671    -0.588429    -0.509716    -0.506274   0.00259721
   -0.999734    -0.999961    -0.999034    -0.936323    -0.945935    -0.903354    -0.861844    -0.858854    -0.839972    -0.823064    -0.775793    -0.751701     -0.74985     -0.73934     -0.70168    -0.674938    -0.684246    -0.670756    -0.636482    -0.623899    -0.631891    -0.611603    -0.569497    -0.640658    -0.521705     0.845752
   -0.999734    -0.999971    -0.999757    -0.962375    -0.982261    -0.957581     -0.91354    -0.882675    -0.851337    -0.831071    -0.831133    -0.809736    -0.770632    -0.753803    -0.754543    -0.739303     -0.70378     -0.69097    -0.698217    -0.676545    -0.648265    -0.656822    -0.607438    -0.648336    -0.600563     0.330989
   -0.999774    -0.999997    -0.999961    -0.984875    -0.970072    -0.952482    -0.928847    -0.911696    -0.906273    -0.860875    -0.831369    -0.823786    -0.829768    -0.796604    -0.764875    -0.758099    -0.761564    -0.737974     -0.70672    -0.704147     -0.70574    -0.684726    -0.686231    -0.581558    -0.675235   0.00820917
   -0.999907    -0.999793    -0.999964    -0.995158    -0.950262    -0.950845    -0.931199    -0.903002    -0.904274    -0.905716    -0.876847    -0.847121    -0.826493    -0.827242    -0.819451    -0.789117    -0.770118    -0.766287    -0.764881    -0.735275    -0.718314    -0.697621    -0.751689    -0.665931    -0.705755   0.00382735
   -0.999957    -0.999872    -0.999991    -0.998573    -0.953762    -0.979448      -0.9677    -0.936274     -0.90606    -0.899651    -0.886905    -0.884473    -0.866542    -0.840697    -0.821089      -0.8241    -0.816362    -0.788529    -0.769937     -0.76968    -0.769012    -0.740473    -0.667906    -0.776308    -0.739089     0.211105
   -0.999946    -0.999612     -0.99994    -0.999745    -0.971634    -0.989304    -0.977212    -0.961512    -0.937963    -0.925043    -0.906642    -0.879442    -0.879679     -0.87635    -0.860863    -0.829828     -0.82482    -0.829239    -0.811301     -0.78361    -0.765631    -0.810885    -0.721277    -0.751524    -0.683566     0.164807
   -0.999816    -0.999983    -0.999823    -0.999898    -0.987361    -0.971538    -0.962257    -0.952956    -0.935474     -0.92744    -0.936498    -0.916508    -0.890063    -0.872469     -0.87517    -0.870291    -0.853614    -0.828576    -0.826887    -0.824827    -0.802656    -0.757046    -0.825941    -0.780174    -0.738959   0.00952959
    -0.99982    -0.999986    -0.999816    -0.999939    -0.995516    -0.958639    -0.971841    -0.968261    -0.949364    -0.924469    -0.921768    -0.928757    -0.919812    -0.906352    -0.879511      -0.8701    -0.874117    -0.869951    -0.845157    -0.821917    -0.844383    -0.778126     -0.81456    -0.763184    -0.823427  -0.00708016
   -0.999903    -0.999837     -0.99963    -0.999991    -0.998682    -0.963541    -0.991334    -0.987101    -0.976093    -0.954584    -0.933678    -0.927943    -0.917533    -0.914394    -0.911122    -0.893761      -0.8776    -0.871034    -0.872421    -0.857781    -0.829203    -0.856189    -0.787274    -0.798052    -0.825773     0.661734
   -0.999983    -0.999802    -0.999946    -0.999971     -0.99966    -0.977165    -0.988886    -0.977409    -0.971289    -0.960998    -0.947234    -0.945848    -0.942882    -0.918693    -0.908635    -0.903675    -0.908494    -0.891293    -0.874298     -0.87221    -0.837532    -0.868252    -0.822957    -0.866831    -0.850086    -0.912045
   -0.999991    -0.999839    -0.999939    -0.999753    -0.999877    -0.989056     -0.97243    -0.970302    -0.969355     -0.95993    -0.942576     -0.93534    -0.949821    -0.947063    -0.929432    -0.909662    -0.901884    -0.905672    -0.902988    -0.883032    -0.881876    -0.805507    -0.869287    -0.867204    -0.812094 -0.000453834
   -0.999934    -0.999792    -0.999935    -0.999837    -0.999964    -0.995688    -0.964483    -0.984096    -0.986864    -0.980289    -0.963618    -0.942247    -0.937944    -0.943425    -0.939415    -0.936556    -0.922095     -0.90535     -0.90266    -0.889268    -0.911082    -0.857316    -0.885281    -0.843016    -0.829134  -0.00800893
   -0.999954    -0.999958    -0.999623    -0.999981    -0.999927    -0.998657    -0.969755    -0.994992    -0.989103    -0.983915    -0.976848    -0.962985    -0.952186    -0.950957    -0.940905    -0.930878    -0.935077    -0.927425    -0.917055    -0.907002    -0.847976    -0.920839    -0.898647    -0.858613    -0.880665    -0.939105
   -0.999952    -0.999966     -0.99982    -0.999937    -0.999875     -0.99954    -0.980741      -0.9878     -0.97671    -0.973832    -0.970138    -0.960726     -0.95208    -0.956295     -0.96246     -0.94601    -0.935718    -0.926339    -0.921876    -0.933312    -0.889451    -0.899329    -0.850974    -0.883299    -0.910699      0.70412
    -0.99997    -0.999936    -0.999991    -0.999929    -0.999867    -0.999674    -0.990344    -0.973863    -0.977818    -0.982381    -0.979721    -0.969409    -0.953792    -0.944583    -0.954846    -0.958907    -0.955239    -0.943236    -0.928499    -0.888034    -0.946714    -0.915055     -0.88646    -0.914624    -0.917054  -0.00465606
   -0.999798    -0.999995    -0.999974     -0.99964    -0.999909     -0.99989    -0.995997    -0.968732    -0.991111    -0.993663    -0.990636    -0.985224     -0.97476    -0.957984    -0.951745    -0.953596    -0.953163    -0.952492    -0.953587    -0.916234    -0.903244    -0.892243    -0.936191    -0.935378    -0.892851  -0.00362943
   -0.999932    -0.999986    -0.999956    -0.999732    -0.999955    -0.999893    -0.998598     -0.97411    -0.995923    -0.986587    -0.982138    -0.979798    -0.976824    -0.967138    -0.960793    -0.964069    -0.962805    -0.951555    -0.931518    -0.960728    -0.911783     -0.91534    -0.930754    -0.901515      -0.8865     0.986205
   -0.999994    -0.999911    -0.999925    -0.999866     -0.99961    -0.999967    -0.999477    -0.983401    -0.986492    -0.978088    -0.979419    -0.979098    -0.975815    -0.965393    -0.954768    -0.958077    -0.973584    -0.969238    -0.952072    -0.914457    -0.934822    -0.956896    -0.937251    -0.910906    -0.917847     0.112847
   -0.999938    -0.999989     -0.99998    -0.999966    -0.999824    -0.999912    -0.999835     -0.99144    -0.974876    -0.984217    -0.991072    -0.991185    -0.989308    -0.980158    -0.964332    -0.952355    -0.963036    -0.961494    -0.978499    -0.923359    -0.952273    -0.924335    -0.898442    -0.920794    -0.947362  -0.00387869
   -0.999944    -0.999965    -0.999991    -0.999968    -0.999632    -0.999999     -0.99997    -0.996212    -0.972184    -0.995113    -0.994331    -0.990547    -0.990297     -0.98727    -0.978787    -0.965707    -0.965842    -0.969922    -0.937212    -0.966482    -0.970926    -0.933177    -0.922303    -0.941794    -0.959455   0.00855389
   -0.999784    -0.999953    -0.999951    -0.999944    -0.999811    -0.999887     -0.99977     -0.99823    -0.977345    -0.995374    -0.984222    -0.981601    -0.982844    -0.981262    -0.976075    -0.966423    -0.964703    -0.980247    -0.950571     -0.96425    -0.932243    -0.937561    -0.961239    -0.962862    -0.939579    -0.330823
   -0.999973    -0.999974     -0.99994    -0.999759    -0.999969    -0.999756           -1    -0.999473    -0.985271    -0.985691    -0.980635    -0.986045    -0.989818    -0.988307    -0.982462    -0.969837    -0.964048    -0.947143    -0.986159    -0.965673    -0.941713    -0.958309    -0.960016     -0.94458    -0.927489     0.735636
   -0.999977    -0.999868    -0.999951    -0.999951    -0.999958    -0.999533    -0.999957    -0.999857    -0.992229    -0.976426    -0.989216    -0.995569     -0.99665    -0.995416    -0.992609    -0.984484    -0.975945    -0.958184    -0.950389     -0.95647    -0.972693     -0.98172    -0.964391    -0.941335    -0.932452   0.00166202
   -0.999946    -0.999993    -0.999891    -0.999903    -0.999951    -0.999952    -0.999801    -0.999774    -0.996202    -0.974646    -0.997117    -0.992843    -0.989703    -0.988201    -0.987387    -0.985295    -0.975499    -0.977948    -0.947342    -0.969347    -0.976657     -0.95021    -0.935563    -0.939461    -0.953795  -0.00898037
   -0.999978    -0.999846     -0.99987    -0.999935    -0.999967    -0.999941    -0.999964    -0.999961    -0.998607    -0.979825    -0.994482     -0.98373    -0.985606    -0.987278    -0.987192    -0.982451    -0.983224    -0.942432    -0.968468    -0.982703    -0.981605    -0.956551    -0.951947    -0.962432    -0.977788    -0.995179
   -0.999987    -0.999968    -0.999771    -0.999942    -0.999985    -0.999908    -0.999371    -0.999985    -0.999467     -0.98682    -0.985162    -0.984198    -0.993564    -0.996503    -0.996236    -0.992173    -0.990446    -0.960561    -0.973814     -0.94819    -0.950818    -0.963666    -0.977922     -0.98685     -0.97686     0.488817
   -0.999995     -0.99994    -0.999997    -0.999966    -0.999896    -0.999983    -0.999995    -0.999937    -0.999808     -0.99275    -0.977624    -0.993053    -0.998825    -0.996195    -0.993697    -0.995221    -0.976077    -0.990782    -0.980173    -0.952375    -0.958126    -0.976543    -0.982746    -0.986604    -0.979741   0.00961482
   -0.999973    -0.999877    -0.999889    -0.999994    -0.999919    -0.999903    -0.999728    -0.999944    -0.999905    -0.996589      -0.9771    -0.998144    -0.992773    -0.988148    -0.988545    -0.982532    -0.986953    -0.972692    -0.961446    -0.968109     -0.97923    -0.986377    -0.976012    -0.959819    -0.953135   0.00467272
   -0.999895     -0.99983    -0.999899    -0.999962    -0.999991    -0.999939    -0.999968    -0.999787    -0.999883    -0.998606    -0.981818    -0.993805    -0.986004     -0.98958    -0.993039    -0.989234     -0.98702    -0.980815    -0.974616    -0.977066    -0.970664    -0.965684    -0.963106    -0.957361    -0.959973    -0.273007
   -0.999993    -0.999943    -0.999919    -0.999967    -0.999932    -0.999905    -0.999964    -0.999697    -0.999972    -0.999461    -0.987942    -0.985007    -0.989239    -0.997921     -0.99773     -1.00015    -0.969929    -0.999345    -0.997112    -0.980641     -0.96312    -0.953787     -0.96178    -0.971878    -0.981703    -0.854677
   -0.999904    -0.999966    -0.999986    -0.999782    -0.999991    -0.999848    -0.999839    -0.999961    -0.999999    -0.999763    -0.993404    -0.979021    -0.997452    -0.998386    -0.996377    -0.973846    -0.986919     -1.00005    -0.987792    -0.965546    -0.956043    -0.956531     -0.97151    -0.987563    -0.991941   0.00476311
    -0.99959     -0.99992    -0.999984    -0.999974    -0.999995    -0.999892    -0.999963    -0.999785      -0.9996    -0.999835    -0.996744    -0.979142     -1.00005    -0.992039    -0.984911    -0.979284    -0.990707    -0.983576    -0.982831    -0.974463    -0.971636    -0.970681    -0.979861    -0.996137    -0.998055  -0.00494062
   -0.999974    -0.999963    -0.999894    -0.999818    -0.999877    -0.999964     -0.99995    -0.999954    -0.999825    -0.999986    -0.998586    -0.983605    -0.994888    -0.986863    -0.990773    -0.989618    -0.991443    -0.979026    -0.991124    -0.996464     -0.99356    -0.980533    -0.971016    -0.975613    -0.982714     0.888673
   -0.999707    -0.999991    -0.999976    -0.999979     -0.99963    -0.999983    -0.999985    -0.999715    -0.999974    -0.999986    -0.999446    -0.989097    -0.986473    -0.992656     -1.00012    -0.969007    -0.995582    -0.996303    -0.999974    -0.999953     -0.99613     -0.98313    -0.968651    -0.964312    -0.969367    -0.427255
   -0.999992    -0.999871    -0.999941    -0.999998    -0.999851    -0.999946    -0.999999    -0.999965    -0.999782     -0.99982    -0.999695    -0.993961    -0.982295     -1.00003    -0.980472    -0.981446    -0.998071    -0.997467    -0.987673    -0.977389    -0.971926     -0.96376    -0.955017    -0.952449    -0.961731   0.00737552
   -0.999973    -0.999893    -0.999858    -0.999729    -0.999903    -0.999997    -0.999929     -1.00001    -0.999881    -0.999842     -0.99987    -0.996969    -0.982339    -0.996358    -0.984877    -0.985815     -0.98886    -0.992695    -0.987513    -0.978431    -0.975036    -0.970811     -0.96612     -0.96361    -0.969674   0.00297228
   -0.999938    -0.999773    -0.999974    -0.999829           -1     -0.99996    -0.999888           -1    -0.999776     -0.99993    -0.999839    -0.998498    -0.987383    -0.996236    -0.971823    -0.986496    -0.981344      -0.9869    -0.993792    -0.994326    -0.996915    -0.996698    -0.994849    -0.991094    -0.988188     0.589213
   -0.999983           -1    -0.999944     -0.99995    -0.999948    -0.999967     -0.99992           -1           -1    -0.999763    -0.999955    -0.999649    -0.991412     -0.97663    -0.970883    -0.997579    -0.996566    -0.993232    -0.996761     -0.99722    -0.999763    -0.999831    -0.999911    -0.999953    -0.999727    0.0997777
   -0.999871    -0.999815    -0.999833     -0.99992    -0.999962    -0.999859    -0.999977    -0.999968           -1    -0.999715    -0.999448    -0.999957    -0.996173    -0.978396    -0.994364     -0.99806    -0.999817    -0.994414    -0.992733    -0.988992    -0.988201    -0.984876    -0.981694    -0.977311    -0.967953   0.00187733
   -0.999895    -0.999957    -0.999794     -0.99999    -0.999997    -0.999953    -0.999943    -0.999915    -0.999942    -0.999906    -0.999863     -1.00005    -0.997661    -0.968812    -0.987566    -0.973053    -0.987231    -0.991665    -0.990649    -0.985097    -0.983304    -0.980401    -0.977825    -0.972637    -0.959487   0.00690511

