        1     0.99795    0.999472    0.999801    0.999822    0.999728    0.999591           1    0.951829    0.992271    0.987027    0.971644    0.962937    0.956091    0.937791    0.909615
   0.999152    0.999431    0.999989    0.999916    0.999492           1    0.996742    0.992206    0.971831    0.992057           1    0.998098    0.991239    0.979332    0.954961    0.923492
   0.998784    0.999764     0.99905    0.999517    0.999673    0.999446           1    0.986613    0.973066    0.969327    0.991517           1           1           1           1           1
    0.99883    0.999275    0.999036    0.999571    0.999928     0.99832    0.999157    0.981702           1    0.957941    0.982686     0.98379    0.983419    0.984999    0.987514    0.990047
    0.99844    0.999676    0.999859    0.999796     0.99997    0.996154    0.995635     0.97493    0.988298    0.999155    0.995713    0.961075    0.944392    0.938855    0.945856    0.953528
   0.999414    0.999774    0.999987    0.998375           1    0.998853    0.989985    0.983557    0.974943    0.975759    0.996372    0.963486     0.93407    0.921165    0.931928    0.934227
   0.999565    0.999234    0.999875    0.999338    0.997557    0.999205    0.980345    0.996074    0.978427    0.965035    0.980216    0.988948    0.971549    0.957923    0.945956    0.913242
   0.998979    0.998899    0.997255           1     0.99796    0.998033    0.972053     0.99936    0.990741           1    0.947529    0.972765     0.97656    0.970375    0.943279    0.909018
   0.998869    0.999946           1    0.999986    0.999523    0.995099    0.968739    0.986178    0.986109    0.983887      0.9648    0.932683    0.938944    0.976991    0.983716    0.963809
   0.999317    0.998599    0.999613    0.998011    0.996575    0.985267    0.977787    0.975545    0.969134    0.964638    0.966857    0.920843    0.911046    0.939676    0.955562    0.947565
   0.999702    0.999406     0.99909    0.999924    0.999088    0.975551    0.991449      0.9829    0.974287    0.974769    0.940629    0.971336    0.940192    0.902599    0.914519    0.934173
   0.998876           1    0.999944     0.99469     0.99685     0.96385    0.988449    0.991597     0.97692    0.959423    0.945215    0.928964    0.941318    0.892869    0.864876    0.866507
   0.998976    0.999163    0.999386    0.994343    0.989306    0.963672     0.96817    0.969975    0.947281    0.932476    0.950292    0.885868    0.947603    0.930279     0.86398    0.831793
   0.999045    0.999357    0.998821    0.997665    0.984195    0.975971    0.964976    0.960055    0.938909    0.941028    0.945511    0.931744    0.873533    0.909401    0.913291    0.857217
   0.999552    0.997944    0.995608    0.998227    0.971232    0.990419    0.980399     0.96801    0.939941     0.93247    0.916442    0.907879     0.82329    0.864804    0.898257    0.841032
    0.99845    0.998098    0.996171     0.99824     0.95672    0.974157    0.964421     0.93743    0.905882     0.90889    0.909111    0.873221    0.890566     0.82356    0.848445    0.887101
   0.999641    0.998261    0.995768    0.993205    0.956984    0.947726    0.931027    0.910092     0.91006    0.915218    0.888812     0.84885    0.859533     0.80433    0.761691     0.79618
   0.999424    0.998018    0.999922    0.983561    0.976248    0.954963    0.933359    0.918516    0.904651    0.865536    0.844941    0.847853    0.780149    0.830112    0.735505    0.739718
   0.999154    0.996985    0.999054     0.96248    0.980159    0.955454    0.910047    0.884151    0.850789    0.842295    0.846819    0.813242    0.759143    0.805562    0.788566    0.691374
   0.999299    0.996759    0.995044    0.940287    0.939706    0.898512    0.860642    0.866713    0.843982    0.828778    0.785546    0.756657    0.789154    0.665367    0.734154    0.642923
   0.996713    0.995886    0.993768    0.943491    0.914142    0.878485    0.877855    0.851905    0.789405    0.758685    0.765962    0.750618    0.703152    0.624033    0.709272     0.72558
   0.999006    0.999573    0.979418    0.965724    0.921187    0.869777    0.827497    0.763543    0.753592    0.749773     0.71743    0.668936     0.63967    0.718487    0.564182    0.616303
   0.987671     0.99945    0.941875    0.932795    0.850605    0.795315    0.761369    0.760758    0.716416    0.665128    0.644984    0.649374    0.621635    0.578276     0.48134    0.543253
   0.999545    0.998293    0.901493     0.84235    0.784603    0.785056    0.732854    0.672593    0.618526    0.624887    0.618369    0.551972    0.535414    0.498033    0.572895    0.444304
   0.998322    0.994683    0.910849    0.826603    0.787341     0.69188    0.621552     0.60102    0.596447    0.543227    0.501216    0.510939    0.490981     0.44581    0.485646    0.373399
   0.999398    0.968701    0.897369    0.743832    0.640457    0.584411    0.584508    0.530979    0.455779    0.459892    0.468558    0.414551    0.377512    0.415093    0.318589     0.35252
   0.997794    0.874074    0.706586    0.600348    0.564737      0.5381    0.431122     0.40234    0.418413    0.378633     0.33215    0.336145    0.339632    0.297705    0.240156    0.377192
   0.995369    0.734176    0.573477    0.540894    0.419056    0.332498    0.356215    0.332604    0.261385    0.260468    0.279866    0.244989    0.209815    0.214846    0.268253    0.188058
   0.994137    0.655063    0.442856    0.258185    0.259498    0.273976     0.19354    0.164604    0.197655    0.178603    0.136175    0.141922    0.160431    0.134671    0.118585   0.0490261
   0.999676     0.17985   0.0771604    0.155535   0.0941125   0.0336961   0.0770443   0.0876259   0.0368666   0.0374264   0.0691116   0.0535025   0.0226849   0.0465377   0.0483463 -0.00817904
   -0.99797   -0.192516  -0.0850424    -0.16418   -0.101855  -0.0398682  -0.0820965  -0.0931948  -0.0410762  -0.0423096  -0.0746713  -0.0585739  -0.0277958  -0.0495367   -0.050981  0.00121753
   -1.00002   -0.658307   -0.453222   -0.265759   -0.265571   -0.280558   -0.200241   -0.169661   -0.201538   -0.182139   -0.141402    -0.14704   -0.164547   -0.139893   -0.123151  -0.0469168
   -0.99976   -0.730583   -0.575721   -0.546204   -0.424543   -0.335766   -0.360287   -0.337228   -0.267986   -0.265229   -0.283345   -0.249361    -0.21308   -0.218655   -0.273353   -0.189764
   -1.00003   -0.873217   -0.707116   -0.601327   -0.567982   -0.544089   -0.435177   -0.403742   -0.422032    -0.38339   -0.335481   -0.338871   -0.343292   -0.300856   -0.242264   -0.383616
  -0.998154   -0.968694   -0.898978   -0.745977   -0.642713   -0.586455   -0.586611   -0.535204   -0.459793   -0.463393   -0.470135   -0.416442   -0.381247   -0.418292   -0.318226   -0.355043
  -0.999871   -0.995179   -0.907965   -0.825111   -0.788693   -0.694348   -0.624117   -0.604284   -0.599173   -0.546494   -0.503477   -0.512555   -0.492089   -0.449559   -0.490904   -0.371782
  -0.999667   -0.998556   -0.897383   -0.840269   -0.784329   -0.785676   -0.733636   -0.674255   -0.619301   -0.625092   -0.620978   -0.555308   -0.537236   -0.498144   -0.577087   -0.447336
  -0.998591   -0.999519   -0.938818   -0.931995   -0.850469   -0.795642   -0.761703   -0.761935   -0.718019   -0.666457   -0.646784    -0.65025   -0.623405   -0.579059   -0.479313   -0.545735
  -0.999107   -0.999965   -0.978409   -0.967831   -0.921772    -0.87009   -0.828212   -0.764034   -0.753994    -0.75105   -0.720183   -0.670386   -0.641238    -0.72287   -0.564703   -0.616753
   -1.00005   -0.999934   -0.994348   -0.941933    -0.91174   -0.876198   -0.877743   -0.852742   -0.790051   -0.759871   -0.767177   -0.752637   -0.705361   -0.624412   -0.711456   -0.727351
  -0.999968   -0.997753   -0.998484   -0.937131   -0.938424   -0.897324   -0.862525   -0.867128   -0.844007   -0.830186   -0.786057   -0.757717   -0.791506   -0.664971   -0.735081   -0.644756
   -1.00002   -0.999737   -0.999535   -0.960551   -0.980481   -0.955107   -0.911511   -0.884879   -0.851326   -0.842996   -0.848103   -0.815349   -0.761084   -0.807206   -0.788268   -0.691085
  -0.999891   -0.999833   -0.999751   -0.982843   -0.974874    -0.95517   -0.932259   -0.918972   -0.906061    -0.86587   -0.845241   -0.849169   -0.779391    -0.83085   -0.738136   -0.742217
  -0.999644    -0.99992   -0.999566   -0.994771   -0.954328   -0.947276   -0.929126   -0.908838   -0.909561   -0.915509   -0.889098    -0.85024   -0.861057   -0.802908   -0.761044   -0.796077
  -0.999596   -0.999718   -0.998719   -0.998367   -0.953183   -0.974718   -0.965057   -0.937798   -0.905413   -0.908648   -0.908918   -0.872401   -0.890727   -0.825595   -0.847982   -0.887327
  -0.999794    -0.99947    -1.00002   -0.999521   -0.970343   -0.989967   -0.979888   -0.968232   -0.939961   -0.931899   -0.917697   -0.907354   -0.820114   -0.864849    -0.90004   -0.842274
  -0.999803    -0.99996   -0.999742   -0.998855    -0.98648   -0.975872   -0.963518   -0.958538   -0.938553   -0.939758   -0.946381   -0.933102    -0.87324   -0.906649    -0.91342   -0.857378
   -1.00003    -0.99996   -0.999739   -0.999528    -0.99505   -0.961062   -0.968313   -0.970198   -0.947724   -0.931665   -0.948434   -0.883461   -0.946695   -0.931125   -0.865904   -0.834107
  -0.998983   -0.999638   -0.999901   -0.998537   -0.998395   -0.963774   -0.989796   -0.991931   -0.976459   -0.962366   -0.945017   -0.928049   -0.941106    -0.89199   -0.864244   -0.865715
  -0.999357   -0.999253   -0.999772   -0.999676   -0.999383   -0.976017   -0.991815   -0.984281   -0.973673   -0.974284    -0.93894   -0.971909   -0.940711    -0.90278   -0.913275   -0.933414
  -0.999916   -0.999023   -0.999046   -0.999841   -0.998929   -0.988476   -0.976238   -0.972786   -0.968799   -0.962979   -0.966863    -0.91745   -0.910382   -0.940355    -0.95474   -0.947355
  -0.999658          -1   -0.999997   -0.999714   -0.998337   -0.994948   -0.966666   -0.985552    -0.98668   -0.985165   -0.966793   -0.934187   -0.937771   -0.975122   -0.982797   -0.964475
  -0.999856   -0.999996   -0.999177   -0.998382    -0.99954   -0.998349   -0.970758   -0.999622   -0.990052    -1.00113   -0.946907   -0.971962   -0.974997   -0.969772   -0.942551   -0.907235
  -0.998197   -0.999048   -0.999374   -0.999106   -0.999814   -0.997032    -0.97991   -0.995273   -0.981019   -0.965929   -0.978681   -0.986251   -0.970602   -0.957293   -0.946177   -0.913642
  -0.999979          -1   -0.999802   -0.999813   -0.999189   -0.998831    -0.99014   -0.982529   -0.974698    -0.97595   -0.993969   -0.962366   -0.933915   -0.922385   -0.933768   -0.933871
  -0.999955   -0.999371   -0.998679   -0.999865   -0.999908   -0.999943   -0.996489   -0.974915   -0.987988     -0.9981   -0.996194   -0.961679   -0.945145   -0.938852   -0.944983   -0.953893
  -0.998988   -0.996274   -0.997927   -0.999674   -0.999606   -0.998916   -0.999514   -0.980069   -0.999295   -0.957408   -0.983355   -0.983819   -0.983726   -0.986182   -0.988996   -0.990459
  -0.999877   -0.999701   -0.999847   -0.998864   -0.998666   -0.999998   -0.999705   -0.987729   -0.973107   -0.967897   -0.991437    -1.00215    -1.00111    -1.00012   -0.999271    -1.00071
  -0.996098   -0.998846   -0.999884   -0.999849          -1    -1.00003    -1.00026   -0.996115    -0.97324   -0.990987    -0.99952   -0.998065   -0.992126   -0.979891   -0.955479   -0.923424
  -0.999333   -0.999989   -0.999428   -0.998818   -0.999721   -0.999657    -1.00081    -0.99962   -0.948581   -0.991339    -0.98664   -0.971671   -0.962691   -0.955511    -0.93747   -0.909287

