 #n=0,5,9, beta = 205
        1  0.962679  0.766834
 0.246586  0.401978  0.558877
 0.129858  0.700082  0.431356
  0.12919  0.434399  0.356705
 0.143129  0.763631  0.837404
0.0916768  0.536092  0.963109
 0.101068  0.659853  0.843532
0.0815849  0.632995  0.745937
 0.103704  0.612088  0.663836
 0.178242  0.469528  0.823786
0.0694789  0.641161  0.642008
 0.104496  0.968929  0.738955
 0.142537  0.744366  0.841752
 0.163787  0.594033  0.698387
0.0778676  0.646045  0.867556
 0.102994   0.55594  0.593174
 0.196849  0.783127  0.623443
 0.193889  0.489034  0.573841
 0.216816  0.532947  0.666125
 0.210211  0.762623  0.691081
 0.164566  0.932385  0.772669
 0.148941  0.560571  0.646813
 0.131476  0.657416  0.729604
 0.155591  0.638155         1
 0.182133  0.760676  0.560726
  0.17388  0.741284  0.731677
 0.163076  0.667906  0.614797
  0.13051  0.550474  0.570195
  0.14103  0.415302  0.679931
 0.178939  0.841531  0.646723
 0.142258    0.7535  0.797467
 0.157394  0.540615  0.945468
 0.160744  0.695016  0.756176
 0.170153  0.574439  0.502444
 0.181958  0.489246  0.610799
 0.135211  0.886076   0.73492
  0.13367  0.843492  0.726987
 0.160799  0.683407   0.74629
0.0897316  0.905772  0.763323
 0.152327  0.398055  0.878481
 0.135291  0.796445  0.582704
 0.156478  0.776359   0.63276
  0.11353  0.824612  0.628075
 0.147139  0.556213  0.691544
 0.159224  0.856733  0.712575
 0.152485  0.805064   0.84685
 0.167111  0.793967  0.903764
 0.122463  0.780834   0.85571
 0.162814         1  0.899725
 0.184231  0.698339  0.721351

