  0.998741          1          1   0.977014   0.973116   0.942237   0.902242   0.838444   0.827569
  0.999816   0.999753   0.999178   0.979311          1          1   0.958938   0.881465   0.855486
  0.999577   0.999579   0.995261   0.965429   0.953976   0.999731          1          1   0.990365
  0.999502    0.99933   0.985753   0.996493   0.923556   0.959907   0.982014   0.997241          1
         1   0.998879   0.963881          1   0.999563   0.864239   0.856537   0.869397   0.916209
  0.997893   0.998852   0.941357   0.962324   0.931773   0.854012   0.811791    0.79359   0.818372
  0.998317   0.995064   0.940953   0.932345    0.88513    0.96383   0.876423   0.742423   0.704966
  0.99876   0.981147   0.965825   0.938918   0.903515    0.81738   0.832737   0.716571   0.649593
  0.999681   0.945091   0.938957   0.873893   0.825812   0.732793   0.856621   0.822139   0.705297
  0.999716   0.901342   0.847046   0.798587   0.802639   0.795127   0.609922   0.693066   0.717486
  0.995156    0.90117   0.821792   0.802935   0.721539   0.660405   0.506153   0.619861   0.623072
  0.972362   0.899196   0.751379   0.659626   0.597798   0.585987   0.629832   0.414759   0.468585
  0.884676   0.720032   0.597541   0.569238   0.560933   0.455797   0.457944    0.29132    0.35052
  0.737122   0.564928   0.540581    0.43806   0.342047   0.368614   0.299569   0.300559   0.306826
  0.645301   0.457345   0.267258   0.257177   0.283405    0.21043   0.158244   0.296452  0.0999385
  0.208835    0.07637   0.150531   0.105964  0.0403782   0.071796   0.109695  0.0704031 -0.0965831
  -0.210637 -0.0772037  -0.152008  -0.108575 -0.0438142 -0.0751839  -0.112761 -0.0686166  0.0825797
 -0.638467  -0.456696  -0.269282  -0.259075  -0.285843  -0.214017  -0.163699  -0.298958 -0.0895141
  -0.736049  -0.565564  -0.541086  -0.440179    -0.3452  -0.370263  -0.300059  -0.312725  -0.304207
 -0.888203  -0.724485  -0.600531  -0.570302  -0.562203  -0.458688  -0.456338  -0.290781  -0.356839
 -0.973846  -0.898734  -0.752429  -0.662602   -0.59906  -0.586238    -0.6351  -0.408677  -0.469281
 -0.996223  -0.900281  -0.820931  -0.801765  -0.721103  -0.660469  -0.511662  -0.622165  -0.625406
 -0.999289  -0.900719   -0.84912  -0.798749  -0.801529  -0.796202  -0.601618     -0.694  -0.715766
 -0.99987  -0.945522  -0.940635  -0.874439  -0.826382  -0.736854  -0.854711  -0.822821   -0.70778
 -1.00001  -0.980924  -0.963372  -0.937649  -0.903481  -0.811957  -0.836952  -0.718931  -0.651298
        -1  -0.995362  -0.938878   -0.93269  -0.885035  -0.960845  -0.874412  -0.740715  -0.703205
 -0.999417   -0.99929  -0.940136  -0.964474  -0.931868  -0.858375  -0.814038  -0.794039  -0.818658
 -1.00001  -0.999963  -0.964521  -0.999965   -1.00066  -0.858546  -0.854583  -0.868463  -0.913122
 -1.00001  -0.999626  -0.985297  -0.994606   -0.92363  -0.957741  -0.978421  -0.996857  -0.999655
 -0.999887  -0.999993  -0.995631  -0.963289  -0.950951   -1.00143    -1.0001  -0.998781  -0.989959
 -0.999756  -0.999981  -0.999409  -0.978412   -1.00225   -1.00187  -0.959682  -0.882541  -0.856382
 -0.999761  -0.999726   -1.00002  -0.976651  -0.968342  -0.939829    -0.9008  -0.834869  -0.825619

