0.0260031	-0.0244496	-0.0283397	0.0210234
-0.0080731	-0.0107588	-0.036859	0.0193035
0.0216394	-0.00466341	0.00966285	0.0253013
0.022812	0.0270424	0.0232516	0.0188057
0.0314653	0.0139956	-0.0276882	-0.0151263
-0.0231184	0.0218754	0.0191828	-0.0195842
-0.0125952	-0.00869104	0.0115001	0.00615812
0.0205028	-0.0274916	0.0128397	0.0109211
-0.0169863	-0.00561398	-0.0299397	-0.0270772
0.00412533	-0.0303158	0.0187087	0.0274311
-0.00172771	0.00767474	0.0165586	-0.0147867
0.00985056	0.0357493	0.0123345	0.0192562
-0.0103355	-0.0298692	-0.0123426	-0.00169018
0.00102433	0.0282123	-0.00442313	-0.0366436
0.0345673	-0.0260404	-0.0154253	0.0252683
0.0318129	0.0231303	-0.0295329	-0.0373969
0.0103735	-0.0142795	0.00727105	0.00783297
0.0166096	-0.00797363	0.0370494	0.0330676
-0.027395	-0.00338691	-0.0232059	-0.0363746
0.00817643	0.00247213	0.00576263	0.00694267
-0.0369727	0.0187278	0.00431109	0.0131138
-0.0196531	0.0359288	-0.0128194	0.00587917
-0.0277291	0.0350659	0.00822882	-0.0382508
0.0232505	-0.0314518	-0.0378449	0.0130854
-0.0262426	-0.0366511	-0.0344877	0.0157353
-0.00757156	-0.0341619	-0.00587139	-0.0341425
-0.0282979	0.0304132	0.00167313	-0.0127312
-0.0299017	0.0305384	0.00420603	-0.0199083
0.0381365	-0.0351829	0.0374756	-0.0273086
-0.0215357	-0.00618043	-0.0121361	0.00661203
0.000988519	-0.0241695	-0.0155025	0.0252655
0.0259209	-0.0214137	-0.0291781	0.0320288
0.0086099	0.0212795	-0.0106811	-0.0123985
-0.0155908	0.00938585	0.0324743	0.0122529
0.0105141	-0.03259	0.0323874	0.0125205
0.00185645	-0.00294369	-5.53543e-05	0.0107892
-0.0004905	-0.00695749	0.0133431	0.0309826
0.0361377	-0.00306235	0.00557353	-0.0196353
-0.0158595	0.00778339	-0.0255296	-0.0166036
0.0207419	0.0256473	0.0217174	-0.0344085
0.00204432	0.00484053	-0.0140318	-0.0305182
0.0206315	-0.0227606	0.029343	0.00692362
-0.00762627	0.0231779	-0.00426211	0.0231617
0.0299275	0.0131901	0.0119396	0.00610559
-0.0165629	-0.032767	-0.0133941	0.00859398
-0.0112777	0.0353562	0.0186265	0.0101161
0.0235217	-0.00189841	0.0207207	0.00702269
0.0320293	-0.00882784	0.0321909	-0.021887
-0.0328868	-0.0108361	0.0173619	0.00486974
0.0343454	0.0329334	0.0358288	0.00896205
0.00198702	0.031863	-0.000360416	0.0233696
-0.0316408	-0.030327	-0.0166409	-0.0203305
-0.0235264	0.0306435	-0.0153045	-0.0234728
0.0124766	0.0287102	-0.0304456	0.0234328
0.0298284	-0.0235602	-0.0161718	0.0310689
-0.0115502	0.0322111	-0.0114783	0.0305766
-0.0333136	0.032767	0.00199701	0.0276042
-0.0366882	-0.0313657	0.0238153	-0.0199762
-0.00323317	0.0245307	0.0310417	-0.0276457
-0.0333958	0.0358029	0.00115862	-0.0380183
-0.0200052	0.000672564	-0.0266348	0.0249498
0.0359741	-0.0378574	-0.0227748	0.0359338
0.0307438	-0.0238295	0.0102945	0.0323245
0.0268234	-0.0162667	0.000997975	-0.0257626
-0.0178355	0.00974714	-0.0286145	0.00987271
0.00303918	-0.0182008	0.00436798	0.00653103
-0.00953886	0.0190083	-0.0373713	0.0233406
0.0198927	-0.0354291	0.0230426	0.00254138
0.000958171	0.0169555	-0.0283725	0.0252097
0.0128204	-0.011427	-0.024587	-0.031577
0.00241592	0.0284369	0.00644603	0.00644686
-0.0352162	-0.0164226	-0.00409027	0.0330054
-0.00476682	0.00403113	-0.0335579	0.0136605
0.0330084	0.0133961	-0.03613	-0.00870541
0.03293	0.0349861	-0.0304646	0.000797065
0.016889	0.0094828	-0.00863806	-0.0160594
-0.0164881	0.0105336	0.0208105	-0.0369033
0.018233	-0.005131	0.02857	-0.0304942
0.0106996	-0.0375638	-0.0147611	0.000367498
-0.0111561	0.0379161	-0.000141562	0.00628039
0.0143596	-0.0104163	0.0260849	0.0167818
-0.0255321	0.032518	0.0231924	-0.0145768
-0.00457826	-0.0306296	0.0215315	0.0242639
0.029052	-0.0179916	-0.0275336	0.031623
0.0251633	0.0230095	0.0310608	-0.029458
-0.0129686	-0.0159711	-0.0329543	0.0170189
-0.020717	-0.0239992	-0.000697966	0.0238856
0.0300684	0.0175578	-0.00525611	0.0364601
-0.0114381	-0.00911807	0.0291749	0.0353566
0.0142686	-0.0376872	-0.00797023	0.0345538
0.0348913	0.015142	0.0342165	0.0367558
0.00677543	0.0297732	-0.0357739	0.0219924
0.0120239	-0.0373259	0.00756894	0.0321737
0.0274163	0.0295312	0.00619702	0.0307663
-0.00461989	-0.0247122	0.00353805	0.0345438
0.0324072	0.01064	0.0172684	0.00373241
-0.00776324	-0.0268884	-0.027749	-0.00101662
0.02406	0.0325149	0.00448067	0.0195703
0.0140812	0.0134296	0.00199707	-0.0320402
0.0314137	0.0282859	-0.0178075	-0.0141209
-0.00133837	-0.0171309	0.0182077	0.0263073
-0.0217216	0.00364781	-0.0298709	0.0127207
0.0344161	-0.0263555	0.0164162	-0.0194294
0.0321135	0.025119	0.0229637	0.00165383
-0.026932	-0.0211749	-0.0276869	-0.0342987
0.0291274	-0.0295881	0.0242656	0.0196816
0.0107838	-0.00361693	-0.0239883	0.0239083
-0.00520131	0.0275774	0.0314375	-0.0328881
0.00914165	0.00349964	0.0145216	0.0275014
-0.0167353	-0.00296197	-0.000435466	-0.0140381
0.0218613	0.0272748	-0.00701803	0.0117063
-0.0147174	0.031302	0.00229256	0.00596919
-0.00404862	-0.00866271	-0.015557	0.009699
-0.0209357	0.0348639	-0.0238005	-0.00234379
-0.0238842	-0.0249082	0.0130729	-0.000721768
-0.017104	-0.0238719	-0.0228101	0.0185549
0.00431442	-0.0193258	-0.0184409	-0.0236389
-0.00638243	-0.0106887	-0.025939	-0.0151501
-0.0252544	0.0319046	0.0102477	0.0167011
0.0310951	0.00977481	-0.0275799	-0.0265963
-0.0303326	-0.0101571	0.00440468	-0.0189102
-0.0285818	0.00882784	0.00615026	0.0151429
-0.000348244	0.0013293	-0.0250399	0.0337101
0.0199101	-0.00926428	-0.0263403	-0.0250505
0.0370532	0.000140288	-0.0259667	0.00759529
0.0332506	0.0148358	0.0168122	0.0299399
0.0140985	-0.036843	0.029242	0.0169958
-0.00892879	0.0114706	-0.0154017	-0.0317353
0.0190918	0.00913196	-0.0170211	0.0111963
-0.010039	0.0148053	-0.00707484	0.0232696
-0.0157339	0.00153779	0.00510481	-0.00754223
-0.0204652	0.0302198	-0.0371274	-0.000810399
0.00645809	-0.0197656	0.00136826	-0.00232369
-0.0195364	0.013401	-0.0167929	0.0113423
-0.0265704	0.0171201	0.0241502	-0.0374705
0.0177448	-0.00272172	0.0119953	0.00169156
-0.0286277	0.0220317	-0.0308413	-0.00729006
0.0224321	-0.0247156	-0.038152	0.0247518
-0.0256752	-0.013363	0.00511883	0.00711746
0.0187326	-0.0126874	0.0219943	-0.0181027
-0.0325219	0.0105412	-0.000273548	-0.0276003
0.0344048	-0.0243069	0.0364148	-0.0194902
-0.0342035	-0.0196041	-0.0140271	0.0261805
0.00164825	-0.0363402	0.0224834	0.0204127
-0.0247496	-0.0276617	-0.0256997	0.01648
-0.019869	-0.0062936	0.0373597	-0.0128553
0.0227629	-0.0219934	0.0379873	0.000653633
0.0177835	-0.00876878	-0.00582666	0.031155
0.0119673	0.0212364	-0.0268933	0.0103086
0.0357273	-0.0283076	0.00992106	-0.0209592
0.0106598	-0.0372127	0.00490738	-0.0337552
0.0198535	-0.0271394	0.0158254	0.0297123
-0.0310733	0.018739	-0.0222426	0.0324977
-0.0279071	0.00233533	0.0181815	0.0382689
0.00154481	0.00181503	0.027799	-0.0336522
-0.0322389	-0.0193395	-0.00989537	0.00177901
-0.0328753	-0.0210476	-0.00332031	0.0298949
-0.0225754	0.00319073	0.0187271	0.0216576
-0.00294892	0.0303499	0.0130169	0.00835768
0.0244353	0.0263031	0.0179725	0.0027772
0.00560429	-0.0202227	-0.0266617	0.00661324
0.0195359	-0.00633104	-0.0201923	-0.0374985
-0.0342487	0.0183042	0.0191591	-0.0363472
-0.0261563	-0.00176953	0.0130205	-0.0340244
0.0382182	-0.0311487	0.00132877	0.0121577
-0.0226004	-0.0027944	0.00499533	-0.0355037
0.0298072	0.0337275	-0.0132982	0.00598112
-0.0286282	0.0291017	0.00880141	-0.0334463
0.0380505	0.0107088	0.00515725	0.027562
-0.0340867	-0.0178543	0.0301346	-0.0252154
0.0283231	-0.0218045	-0.00751826	-0.013235
-0.0326901	-0.0169688	-0.0334303	0.0382757
-0.0379006	-0.00394243	0.0282354	-0.00639164
0.0323383	-0.00318985	0.0167686	-0.0253685
0.00717688	-0.0150903	0.0273671	0.0203744
-0.0244315	0.00661463	-0.0357783	-0.0282256
-0.0257494	0.0287353	0.0158143	9.02437e-05
-0.00827892	0.001135	0.0270404	-0.0172859
0.0315707	0.0360646	-0.00329099	-0.0353846
0.0244367	0.011753	0.027235	-0.0279151
-0.0107704	0.0110461	-0.00135246	6.87932e-05
0.00401182	0.0370706	-0.0366976	-0.0308258
0.00607143	0.0228323	0.0047464	-0.0365168
-0.00362498	-0.0084336	0.0147189	-0.00574749
0.0143234	0.00118721	0.0197979	-0.0308709
-0.0306025	-0.0135714	-0.00576858	-0.031855
0.00235488	0.0104457	-0.0334905	0.0343455
0.0196669	0.0183584	-0.0218364	0.037338
-0.0149592	0.0278381	-0.0253555	0.0281165
0.0376247	0.00257683	0.0178404	0.0043892
0.00588348	0.00644277	0.0344501	0.0018012
0.0288638	-0.0306033	-0.0137033	-0.00358422
0.0189419	0.0344645	0.0359621	0.00520464
0.00985355	-0.0134717	0.0152952	0.003768
-0.0355112	0.00584589	0.0376312	0.000705343
0.0189414	-0.0349029	-0.00102311	-0.0209516
0.0254719	0.0219526	-0.0180235	0.00657824
0.0325147	0.00135464	-0.0139809	-0.0316275
0.0285319	0.0324174	-0.0305357	-0.0160839
0.0253037	-0.00555736	0.0254478	-0.00417371
0.0366467	0.0217191	-0.0221603	-0.0185289
0.0186363	-0.0276058	0.000260042	0.00899509
0.0308323	0.0156926	0.0303315	-0.00421199
0.0369648	-0.020442	-0.0322389	0.0133934
0.0127559	0.00742311	-0.0212853	0.0219406
-0.000209552	-0.0376164	0.0193846	-0.0221516
-0.0256854	0.0243913	-0.0297032	0.0234817
0.0252253	-0.00206033	0.032843	-0.0162831
0.0297302	0.00173734	0.0081111	-0.00112356
-0.0323334	0.0222372	0.00531979	0.0264111
0.0114432	-0.0285261	0.021764	-0.00588431
-0.0192589	-0.0254352	-0.0315553	0.0372592
0.0098971	0.021089	0.00693618	0.0338993
-0.0207041	0.032525	-0.0118036	-0.00408715
0.0153349	0.00434988	0.0214775	-0.00680226
-0.0139982	-0.0159425	-0.0115799	-0.0352855
-0.0130878	-0.0192651	0.0207418	0.00237177
-0.020529	-0.0234232	0.026301	-0.0107707
-0.03255	-0.0358028	0.00489766	-0.0362615
0.0101717	-0.0296458	0.0337003	-0.00782569
-0.021123	0.0173724	0.0058274	0.0319324
0.0115522	0.00885868	0.00103378	0.00385363
0.000816808	-0.0220303	-0.0183169	0.0269041
0.0360376	0.0136182	0.00347551	-0.0011769
-0.016813	0.0336057	-0.021985	-0.0306923
0.00352429	0.0220343	-0.0189997	-0.0107046
0.0167603	0.016934	-0.0358616	0.0161855
-0.0295598	0.0173395	-0.00169451	0.0141999
-0.00217973	-0.0148298	0.00533333	-0.0040181
0.00707351	0.0111327	-0.0280833	-0.0382124
0.0339625	-0.0264365	-0.0145607	-0.0282878
-0.00375174	-0.0313294	0.021487	0.0157669
-0.0125089	0.0217456	0.0104908	0.00909667
0.0265761	0.0274748	-0.0225432	0.00581417
-0.00500564	-0.0135528	0.0275621	-0.00915363
-0.0379717	-0.00905	0.0275194	-0.00727671
-0.0118522	0.0280771	0.0351554	0.0219766
0.00752766	-0.0273802	0.0361729	-0.0239859
0.0254723	0.0271084	0.0220484	0.0147541
-0.0203406	-0.00840427	0.00495249	-0.017461
0.0134129	0.0330757	0.00317869	-0.0358887
-0.00130324	0.0368011	0.0054984	-0.0294442
-0.00138078	0.00437921	0.0117111	-0.0185157
-0.0149087	0.015946	-0.0281991	0.0363245
0.0162114	0.0311073	0.0320088	0.00478266
-0.0242646	-0.0294896	-0.00512535	0.012996
0.00931183	-0.0382151	-0.00146504	-0.037275
-0.0350952	-0.0263765	0.0144367	-0.0311595
-0.00657486	-0.0146941	-0.0171383	-0.0360887
0.0149805	-0.0357992	-0.0348813	-0.0352226
0.0132953	-0.0178036	0.009823	-0.000671254
0.0105209	-0.0355404	0.027003	0.0341577
-0.0116861	0.0112782	0.0044664	0.006945
-0.0241067	-0.00161519	0.0298201	-0.0120812
0.00833977	0.0162965	-0.00783542	-0.0053332
0.00971962	0.00666512	0.0207953	0.0145666
0.0176364	-0.0177997	-0.0274936	0.0155282
-0.0131186	-0.00498831	-0.00538301	-0.0274617
0.0183785	-0.0142141	-0.0192131	-0.00954746
-0.0227621	0.00558925	0.0161537	-0.0268038
0.0321736	-0.0320744	0.0048477	-0.0273601
0.0141223	-0.00243189	0.00454012	0.000478702
0.0117049	0.0124785	-0.000673271	0.0272771
-0.018554	0.02789	-0.0229755	0.0200505
0.00247971	-0.0131758	0.0203109	-0.0320211
-0.0315195	0.0371445	-0.0114251	-0.0201905
-0.018307	-0.0193788	-0.0337701	-0.0255401
0.0288463	-0.0233174	0.0171522	0.0282694
0.0142269	-0.0284544	-0.0135662	-0.00586242
-0.0310535	-0.0304891	0.0265922	0.0275279
-0.0297131	0.00649702	-0.0162092	-0.0275055
-0.0105789	-0.0335974	0.0279264	-0.00343718
0.00586203	-0.0319067	-0.00622333	0.0363977
0.00712485	-0.0273425	0.0338158	-0.00770727
0.0127312	0.0205674	0.0380413	-0.00542664
-0.0161453	0.0374193	-0.0125285	0.00286644
0.0210789	-0.0186134	-0.00962346	-0.0330253
-0.0161757	0.0205709	-0.00173771	-0.00438769
-0.0130217	-0.027176	-0.0364058	0.0100209
-0.0237146	0.00491124	0.0115522	-0.0308
0.0370235	0.0229904	0.00169491	-0.00129631
-0.0379452	-0.0067608	0.0117312	-0.0289643
0.0250249	0.00758953	0.000241232	-0.0349563
-0.0128813	-0.00395011	-0.0321527	-0.0326653
-0.0238331	0.0298427	0.00323727	-0.00273154
-0.00485401	-0.0143327	0.0307198	-0.00197557
0.035057	-0.0355037	0.0269567	0.0202153
0.032022	-0.0261756	0.0140576	-0.0255173
0.0202461	0.0188977	-0.0129772	0.00887671
0.0152168	-0.0114991	-0.0305704	-0.0276461
-0.0289588	0.0176323	-0.00810263	-0.0140071
0.014201	0.025042	0.0301845	0.0198306
-0.00887959	0.0242878	0.0122836	0.0111466
0.0209648	-0.00810786	0.0295381	-0.025044
0.0338657	0.0147133	-0.031105	0.00156715
0.0318188	-0.0271068	-0.00571947	0.0174394
0.027664	-0.00918209	-0.020201	-0.00692053
-0.02266	0.0335532	-0.0265611	0.014341
0.0224464	-0.0122055	-0.0268812	0.00739491
0.00367221	0.000582234	0.00454669	0.025531
-0.0154948	-0.0351546	-0.0382829	0.00355497
0.030952	0.0325103	-0.00477646	0.0182034
0.0313121	0.00520356	-0.00584085	-0.0162201
0.028586	-0.0288426	-0.00619225	0.00163875
-0.000141874	-0.033051	-0.00927458	-0.0278179
0.0058245	-0.0124478	-0.00611352	0.0166672
-0.025778	-0.029642	0.0195932	-0.0338088
-0.0172817	-0.0134456	0.0194159	-0.0225292
0.0278675	-0.0300956	0.0304627	-0.0260345
-0.000581015	-0.0185993	0.0215014	0.0145261
-0.00277757	0.0296843	-0.00734588	-0.0150152
0.0266722	0.0311136	-0.00615632	0.0109832
-0.000307478	0.0128587	-0.00508139	0.0238757
-0.0159714	-0.00094486	0.0312093	-0.0116576
-0.0244278	-0.0110552	4.98128e-06	0.0166319
0.0140781	0.00448266	0.0364698	-0.0171698
0.0173934	0.0229411	0.0236151	0.0246808
-0.0275895	-0.00834024	-0.0113523	-0.00146675
0.00788138	0.0165257	0.0122135	-0.0043731
-0.000579264	0.00362007	-0.027676	-0.00475644
0.0258461	0.0183794	-0.0036088	0.00920112
0.0171412	-0.00406066	-0.0342031	0.0199338
-0.024597	-0.00955662	-0.0358055	-0.0232398
-0.0212522	0.00444847	-0.0296391	-0.0179663
-0.000112708	0.0260502	0.0336489	0.0332037
-0.02895	-0.0330621	-0.0285966	0.0166413
-0.0276521	0.0155604	0.00295538	0.0377871
-0.0106674	-0.0213506	-0.0248661	-0.0120308
-0.0133913	-0.0377276	-0.0168438	-0.00733169
0.033013	-0.0348638	0.0143882	0.00686808
0.0312235	0.0174503	0.0179946	-0.0248137
0.00933266	-0.0346634	-0.0168127	0.0345372
0.0257463	0.0358652	-0.0287023	-0.0132425
0.0243169	-0.0155648	-0.0261602	-0.00271987
-0.000300061	-0.0252873	0.015309	-0.00213797
-0.0126143	-0.0354045	0.000337105	-0.00274642
-0.00807736	0.0102061	0.00604023	-0.0243666
0.0121406	-0.0167106	-0.00341173	0.00236722
0.00832273	-0.0106314	-0.0185609	0.0130384
-0.0184286	0.0183292	-0.001811	-0.0120871
-0.0266591	0.00290886	-0.0202243	-0.0214207
-0.0326736	-0.0191658	0.0124071	0.0363371
-0.0299751	0.0112241	0.0303466	0.03721
0.0112522	-0.0224512	0.0130083	-0.0358589
-0.0104262	0.0181081	0.0053025	-0.0136344
-0.0161841	-0.0380499	-0.00796234	0.0155279
-0.0128884	0.0202502	0.0111641	-0.0147148
-0.0312516	0.00283049	-0.00939633	-0.0272676
-0.00555488	-0.00817137	0.0189993	-0.0242528
0.0332117	-0.00144282	-0.0149363	0.0192261
0.0063879	-0.0317682	0.00124159	0.00628994
-0.0179275	-0.0280107	-0.0229235	0.0232623
0.0121342	0.0327152	-0.0108254	0.000845859
0.0200096	-0.00310606	0.00375002	0.0213641
-0.000961058	0.0146565	-0.0142486	-0.0330179
-0.0261972	0.0205467	-0.0154904	-0.00426437
0.0292783	0.00205059	0.0134674	-0.000308589
0.00960554	-0.00800178	0.0270207	-0.0335447
0.00135407	0.0374148	-0.00204254	0.0220188
-0.0223317	0.00254174	0.0349376	0.0306737
0.00439979	-0.00464684	0.0030949	0.0116373
-0.00564113	0.0166464	-0.0223619	0.0355191
0.0252197	0.00609705	-0.0201891	0.026897
-0.00807268	-0.00700037	0.0127066	0.0367087
-0.019543	-0.0371371	-0.0102082	-0.00551475
-0.0132991	0.0190285	0.0334339	-0.013555
0.0175317	-0.00418612	-0.0252703	-0.00435164
0.0105984	0.0112877	0.034146	0.00843256
0.0370603	-0.0359008	-0.00829179	0.0271262
-0.0123643	0.0234012	-0.00551725	-0.0296272
0.0303885	-0.00860178	-0.00597893	0.0346594
-0.0278175	0.00522675	0.00979788	-0.0326084
-0.00681914	-0.0339833	-0.0314241	-0.0316041
-0.0378053	-0.0355964	-0.0139463	0.0335554
0.0216534	0.0209943	-0.0155078	-0.0301534
0.0209734	0.0223435	0.0121924	-0.00692452
-0.0157707	-0.0354275	0.0164054	0.0107694
-0.0294538	0.00302569	0.0339703	-0.00655422
0.0279405	-0.0130447	-0.0355179	0.00412187
0.0168931	-0.00538018	-0.0029093	0.0248306
-0.0344609	-0.0366359	-0.01928	-0.0256421
-0.00389028	-0.00659412	0.00403766	-0.0279022
0.0371843	0.00482787	0.0124812	0.00977897
0.015892	0.0342981	0.00820857	0.0135177
-0.0220994	0.0285185	-0.0305263	0.0317759
-0.00199548	-0.0187343	0.0365465	0.015075
0.0279135	0.0166261	0.0310321	-0.0290606
-0.0310398	-0.00764959	0.0212551	-0.00684666
-0.0306087	0.0114826	0.0252533	0.0198442
-0.00895114	0.0158222	-0.00932442	0.0312722
-0.0151527	0.0331109	0.0178787	-0.0144869
0.0120098	-0.0313829	-0.0099658	-0.00683244
0.0236265	-0.0057501	0.00662764	0.0284773
-0.0281517	0.000989208	0.0360036	-0.0259039
-0.0342816	-0.000164586	-0.0355732	-0.00843766
-0.0341353	-0.0046685	0.0347334	-0.0153514
-0.00323211	-0.018201	0.0311235	-0.00114494
0.0214689	0.033868	-0.0225295	0.0255247
0.0146818	-0.0315995	0.0305655	0.0313951
-0.00439055	-0.0158831	-0.0154822	-0.0123327
-0.0291142	0.0190505	0.0102672	0.0342114
0.0068516	-0.00198259	-0.0137274	0.0277405
0.00601065	0.0275623	0.0326296	-0.00662713
0.00228542	0.023286	0.0171571	-0.0357066
0.00726502	0.000639734	0.0106403	0.022982
-0.0105547	0.0103379	-0.0211922	0.00153344
-0.0149599	0.00741077	-0.00896444	-0.00431715
0.029713	0.00343093	-0.0112683	-0.00456255
-0.00178981	-0.0248552	-0.0255358	0.0332932
-0.0252381	0.0325848	-0.00616838	0.0381187
0.00838741	0.0362695	0.0241364	-0.0180459
0.00196804	-0.0232723	-0.00650185	-0.0306629
0.00909035	-0.012228	0.0361832	-0.0280974
0.00735299	0.00287862	-0.00169638	0.030047
-0.0203586	-0.0271929	-0.0366072	0.0211688
0.0252097	-0.0219282	-0.032657	-0.0346355
-0.0328612	0.022363	-0.00346382	0.00680808
-0.0306638	0.0276519	0.0327388	0.0304221
0.0323887	0.00864093	0.026912	-0.00316821
-0.0252511	-0.00437309	-0.0165245	-0.0116617
-0.00139626	0.00525538	-0.0148996	0.0233803
-0.0209828	0.00353308	0.00647676	0.0206588
0.0249774	0.00246269	0.0118236	0.0198199
-0.0159885	0.037724	0.030042	0.0135436
-0.0109158	-0.0336964	0.00416636	0.0330688
0.0289146	-0.0359206	0.0145644	-0.0269317
-0.0119051	-0.00516323	0.0264615	0.0365061
0.0240708	-0.0136787	-0.00302409	-0.00639006
0.0121647	0.0361661	0.0303489	0.0369069
-0.0354419	0.00145597	0.0187131	0.0295873
-0.0185385	0.00865685	0.0198076	0.0195912
0.0212693	0.0169979	0.00230217	0.0328043
0.00962837	0.0376921	-0.0333283	0.0190138
0.0256909	-0.00199953	0.0141233	-0.0253499
-0.014664	0.00206513	-0.0188547	0.0354117
-0.0213253	0.000113109	0.015626	0.00368183
-0.0230825	-0.0298804	0.031245	0.0144975
0.00859478	-0.0287428	0.0104948	-0.00721942
-0.029831	-0.0346747	-0.0339562	0.0374332
0.0133464	-0.0165168	-0.0326048	0.00947676
0.0215754	-0.0343767	-0.0339875	-0.00741471
0.0167751	-0.0366239	0.0284942	-0.0189266
-0.0229043	-0.0015704	-0.000792648	0.0171278
-0.00755296	-0.00838604	-0.0361182	0.00280181
-0.0140906	0.0044734	-0.0115162	-0.0271936
-0.00504422	0.00945541	0.000914076	-1.73654e-05
-0.020562	0.00790448	-0.0304612	0.00648026
-0.00873311	-0.0113823	0.023334	0.0179285
0.00251066	-0.0011114	-0.00466108	-0.00790923
-0.026392	-0.0216733	0.0347648	-0.0350019
0.00423446	0.0224633	-0.0315045	-0.0320471
-0.0371043	-0.0340747	0.0187533	-0.0228429
-0.00915608	0.0200785	0.00292755	0.0239709
-0.00900684	-0.0132927	0.0186331	0.0260867
-0.0148741	-0.0345695	0.0104814	0.0290147
0.0181468	0.0246008	-0.0312201	0.0187257
-0.018311	-0.0109946	-0.00511647	0.0374689
0.0114395	-0.00151397	-0.00137107	0.0272068
0.00399893	-0.0272967	0.00406982	-0.0259783
0.0320725	-0.0130472	-0.0130815	0.0360618
0.0142163	0.0381607	-0.020972	0.0184801
0.0236792	0.0195789	-0.0144365	0.0319269
0.015123	-0.034268	0.0275346	0.0305522
-0.014374	0.0376341	-0.0159863	-0.000820034
0.0111514	-0.0206393	0.0380007	-0.0317369
-0.0377597	0.00601582	-0.029634	0.0276499
0.00251937	-0.000471518	0.0379537	-0.0354522
0.0262876	-0.012301	0.0309318	0.0210746
0.00905377	0.0154917	0.0191748	-0.0178834
0.0109071	0.00307252	-0.0343165	-0.0363329
0.00141523	0.00940087	0.036641	-0.0077626
-0.00758955	0.0193337	0.0235013	0.0130158
-0.0105366	0.0046673	0.0324916	-0.0169456
0.0167297	-0.0303882	-0.00246564	-0.0289487
0.0230762	-0.027271	0.025697	-0.0224963
0.0135915	-0.029078	-0.0173385	-0.00582515
-0.0265333	0.0172859	0.0367624	0.00934787
-0.0357045	0.0188522	0.0335497	0.0222979
-0.0333603	-0.0022416	-0.0323185	-0.0262106
0.0141961	-0.0220442	-0.00621264	-0.0368753
-0.0238778	0.0353976	0.0300005	0.0256099
0.00909287	-0.017997	-0.0255091	-0.0199438
0.0153105	-0.0179002	-0.0257733	-0.0214043
0.00518483	0.0172573	-0.0053859	0.0112668
-0.0381327	0.00692901	0.0314379	-0.032171
-0.0377823	-0.014251	0.0230221	-0.0307036
-0.014887	0.00363941	0.00170801	-0.00832139
-0.018225	0.0341531	-0.0119925	-0.0330161
0.0118759	0.0224538	-0.016663	0.0348172
0.0273306	0.0145615	-0.0325361	0.00401429
-0.0243712	-0.0171128	0.0132399	-0.0352682
-0.0121265	0.0223958	0.000679019	0.0149834
0.0127911	-0.00407835	-0.00865869	-0.00237275
0.0289705	-0.0131621	0.00246059	0.033598
0.0117182	0.0218111	0.0230067	-0.0241506
-0.0142763	0.013501	-0.00897195	0.0042043
0.0294295	0.0310724	0.0111405	0.022934
-0.0239811	-0.0168791	0.0226464	-0.0212888
-0.0262074	-0.0370187	-0.0163541	-0.0130351
0.000264549	0.0083454	-0.00799866	-0.0332634
0.0251447	0.0244121	0.0266439	-0.0193077
0.0134265	0.0106009	-0.0180271	0.0175163
0.0308937	-0.0105396	-0.0228114	0.0180664
-0.0236106	-0.00913928	0.0208216	0.00206068
-0.00806252	0.0184314	0.0178212	0.0268815
0.0157512	0.000408084	-0.0354283	0.033884
0.0281996	1.4216e-06	-0.0348309	0.0345495
0.00362291	-0.00250148	0.0162696	-0.00208456
0.0182654	-0.0189585	0.0364354	0.0178679
0.033058	0.0359785	-0.0288355	-0.0299751
-0.0203997	0.013673	-0.028257	-0.000645919
0.0326064	-0.0217796	0.0281219	0.00516389
0.00393217	-0.0202372	-0.0160306	-0.0116049
0.0331295	0.0339915	-0.0157163	0.0162638
-0.000427524	0.0336965	-0.0155779	-0.0218832
0.00401819	0.0249105	-0.0229066	-0.00546201
0.0335659	-0.0184782	-0.0310082	0.0238742
0.0229042	-0.000882855	0.024444	0.00810933
0.024012	0.0208449	0.00341484	-0.000164122
0.00722313	-0.0342432	-0.0093572	0.0203775
0.012016	-0.0245401	0.0302219	-0.0261903
0.0378595	-0.0344866	-0.0216592	0.00288165
0.0333154	0.0263713	0.0296358	-0.00295307
-0.0134116	0.00960026	-0.0167508	0.00975087
0.0286113	-0.00943002	0.0191154	-0.00183433
0.00681491	0.00996371	0.0143285	0.0112103
0.0105309	-0.0151174	0.0125912	-0.0243588
0.019822	-0.0165763	-0.00805807	-0.0172143
0.0210525	0.0313033	-0.00133904	0.0282355
0.0225422	-0.0139174	0.034551	0.000920114
-0.0181321	0.0299878	0.0222572	-0.0121638
0.00797845	0.0174967	-0.0130091	-0.0293862
-0.00225	0.0349022	-0.0217901	-0.0198775
-0.0254571	-0.0187706	0.0377598	-0.0324114
0.0225865	-0.0298613	-0.0305015	0.0109884
0.0279062	0.0151148	0.0343451	-0.03131
0.0285128	0.0198563	-0.0359825	-0.0368414
0.0125674	0.00835887	-0.0270185	0.00722397
-0.00668961	-0.0256054	0.0123008	0.00491944
0.00855952	-0.0373209	-0.0378611	0.0193405
0.00740671	0.00611869	-0.01754	0.0155628
0.0111294	0.0262864	0.0223577	-0.0340404
0.00294716	-0.0208818	0.0285748	-0.0138096
-0.0268798	0.0241002	0.00474339	-0.0343561
0.0060402	0.0220591	-0.0316725	0.0205373
-0.0356991	-0.0254041	-0.0253171	0.00262114
0.0153571	0.0107921	0.0201507	-0.00150411
0.00138739	-0.0346378	-0.0243667	0.00609754
0.0254238	0.0119318	0.0374409	-0.0275835
0.00115031	-0.00658172	-0.0147484	0.0366457
-0.0296082	-0.0306623	0.00459002	-0.0118389
-0.000778897	0.0256104	0.0293488	-0.0154599
0.000791053	-0.0028496	0.00190638	0.00121341
-0.0345115	0.0339277	-0.00408816	0.023522
0.0240282	-0.00300808	-0.025716	0.032605
-0.00881642	0.0259391	-0.0172922	0.037693
0.0105221	0.00567271	-0.0280736	-0.00358169
-0.00365964	0.0200932	0.0251892	-0.0300678
-0.0272131	-0.028856	0.0129637	-0.0178352
-0.00664411	-0.00124269	0.0089013	-0.0136602
-0.0193362	-0.0320429	0.0214263	0.00916629
-0.00712652	-0.0370869	-0.00309305	0.00831493
-0.0368844	-0.0219647	0.0342062	-0.00473241
0.0166325	-0.0353595	0.0379502	0.0276027
0.00563506	-0.0176388	-0.0036472	0.0142175
0.0239209	-0.0136072	-0.0346093	-0.0320579
0.00632002	0.0179741	0.0339813	0.0346067
-0.00407087	-0.0360012	-0.0013157	0.0156901
-0.00173043	0.0329704	-0.0233138	0.01348
0.0378491	0.0305874	0.0079681	0.00121218
-0.0337301	-0.0351034	-0.000862805	-0.0032834
-0.0325424	0.000870344	-0.0025398	-0.00927113
0.0107598	0.018655	-0.00798812	0.00548571
0.00743582	-0.0177666	-0.010602	0.021221
-0.0212036	-0.0132481	-0.0361104	-0.00531324
-0.0214187	0.00249542	-0.00134667	-0.012291
0.00995545	-0.00495194	0.00239492	-0.0144718
0.0323722	0.0357626	0.0223543	0.0314966
0.0181874	0.00607631	0.0126005	0.0321206
-0.00283948	-0.0312389	0.00152186	-0.00374138
-0.00469618	-0.0090378	-0.0307081	0.0298284
0.0267979	0.0136327	-0.0211234	-0.0180324
0.0346003	0.0325902	-0.00744331	0.0191127
0.0343136	0.0263313	0.00951228	-0.00727217
0.0305051	0.00934173	0.0131024	-0.0328244
0.0204098	-0.0086366	0.00515469	0.0134037
-0.0127215	0.0140517	0.030534	-0.0078931
0.0028085	-0.0232043	0.0233427	0.00190791
-0.0214685	-0.0267621	-0.00797006	0.0216499
-0.00171593	0.0234145	0.00518375	0.0125856
0.0343831	0.0137717	-0.00606991	0.0265617
-0.00258599	-0.0205863	-0.0248577	-0.00749779
0.0293763	0.0245463	-0.0362233	-0.0174134
0.0357175	0.0300258	-0.0101777	-0.0164847
-0.0241722	-0.0177271	-0.0252215	-0.018209
-0.00320739	-0.0313112	-0.0015565	0.035118
0.0214196	-0.0218002	-0.00647306	-0.0102286
0.0203666	-0.0379717	-0.0295542	-0.0219163
0.0309405	-0.0290937	0.0354418	0.0124941
-0.0185296	-0.0270485	0.0085271	-0.0350626
0.019997	0.0308344	0.0167279	0.0176099
0.0354291	-0.0259784	-0.003735	-0.0291032
-0.0128533	0.0120406	-0.0323267	-0.00601976
-0.00746192	0.0112707	-0.0295742	-0.0152184
0.00464621	-0.00552627	0.023977	0.0304317
0.00416188	0.0370111	-0.0301231	0.026981
0.0093381	-0.0244526	0.00739309	0.0108046
-0.0236171	0.0277405	-0.011942	-0.0223541
-0.00168461	0.0345551	0.0305452	0.0201636
-0.0106932	0.0198424	-0.0183203	0.0046112
0.0117622	0.0347203	0.0278938	0.0122185
0.0318379	-0.0127015	0.0381511	0.011678
-0.022114	-0.00474358	-0.00112976	0.0248928
0.00814381	0.0290918	-0.0178635	-0.00698275
0.0279328	-0.0245889	0.00934941	-0.0339081
-0.0298276	-0.0336206	-0.0263413	0.0303824
-0.00966507	-0.0177635	0.0256052	-0.031893
-0.0230075	0.0276816	0.00156948	-0.00348724
0.0111996	-0.0186061	0.0353154	-0.00602365
0.00708513	-0.0063069	-0.0206789	0.0280709
0.0134953	0.0128773	-0.0315607	-0.0292156
0.00736402	0.0333843	-0.00906848	-0.0177759
-0.0337196	0.0113255	-0.00722265	-0.0177409
0.00465288	-0.000795152	-0.02947	-0.00831504
0.00486275	0.0251914	0.0190678	0.00405338
-0.019673	0.0318171	0.00586978	0.00236403
-0.0367732	0.00611236	0.00728743	-0.011511
-0.0119364	-0.0348275	-0.0257193	0.0321387
-0.0375252	0.0320641	0.0146296	0.0187617
0.032386	0.0152374	0.00441523	-0.0373308
0.0077528	-0.0236573	0.0211218	0.0353901
0.0206905	0.0246797	-0.00695653	-0.00194242
0.0295963	0.0274777	-0.0376337	-0.0281201
0.0331182	0.026602	0.0271091	-0.00894364
-0.0249901	-0.0022683	0.00178323	0.0211531
-0.00397616	-0.0162673	0.0246572	-0.0360023
-0.000938598	0.0253944	0.0353	-0.0202766
0.0225667	0.0114978	-0.0291376	-0.00635621
0.0106255	-0.0267455	-0.0255988	-0.0200424
0.0355955	0.0217307	0.0275312	0.0382009
-0.0263452	-0.00687851	-0.00914401	0.0365689
-0.015831	-0.0302439	-0.0360189	0.03049
0.0292147	-0.0291894	0.0273684	0.011565
-0.0102405	0.0265966	0.0280402	0.0231478
0.0305315	0.0370666	-0.0155685	-0.0148067
0.0189288	-0.0155596	-0.00159617	0.0159709
-0.00184936	0.0311948	-0.0366151	0.0152162
-0.0173523	-0.0189156	-0.0282773	-0.00838571
0.0341401	-0.0260967	0.0382873	-0.0258303
-0.0288684	-0.0256301	0.0370143	-0.0291214
0.0279516	0.0129962	-0.0106422	-0.0186288
0.00941667	0.0249993	-0.0315874	-0.0167319
0.0167143	-0.0304645	-0.0103682	-0.00858334
0.0324507	-0.013897	0.0204491	0.00194424
-0.0241492	-0.0140146	-0.0227435	0.013267
-0.0166417	0.0329456	-0.0296144	0.033784
-0.025441	-0.0202986	-0.0119951	-0.0340057
-0.0227037	0.0303165	0.0228579	-0.036558
0.00964068	0.0363369	-0.0170196	0.0276088
-0.0247475	-0.0264533	-0.0356795	0.02307
-0.0285364	0.00733514	-0.0110408	-0.0355748
-0.0208252	-0.0255391	-0.0342118	0.0246849
0.0341618	0.0364452	-0.00432204	-0.0171864
-0.0371588	-0.00340593	-0.0103606	-0.0253809
-0.0259257	-0.0371559	0.0312113	-0.0225727
-0.029047	-0.00404181	0.0357752	-0.0343472
-0.00291626	0.0185455	-0.0240173	-0.0230692
0.0113544	0.0264573	0.0281973	-0.00453539
0.0317384	-0.0307627	-0.0316765	-0.00238948
-0.0305095	0.0300186	-0.0113021	-0.00479767
0.0087312	0.0099693	0.0174146	-0.00464841
-0.0328255	0.000577485	-0.0025065	-0.00413449
-0.00812178	0.0379934	-0.00900711	-0.0126216
-0.000272808	0.0189986	0.00646904	-0.0313974
-0.00484729	-0.0110446	-0.0127803	-0.0193007
-0.015809	0.0368413	0.0137384	0.0108857
-0.0195627	-0.0347797	-0.0334411	0.0228875
0.0315221	-0.0180686	-0.0110814	0.0342295
0.00505744	-0.020293	0.0237751	-0.035814
-0.0236414	-0.0226577	-0.0334678	0.0353711
-0.0355651	-0.00547991	-0.0123811	-0.0332058
-0.00520971	0.0309219	-0.0251811	-0.0161288
0.023994	-0.0358772	-0.0267412	-0.0196748
0.0193679	0.00227432	0.0155647	-0.00347519
-0.0109777	-0.0211939	0.033582	0.0241294
0.0380635	-0.011673	-0.0111708	0.0319061
-0.0354925	-0.00299877	0.0242643	-0.00800515
0.00179998	-0.00327377	-0.016727	0.0284376
-0.0228589	-0.0195752	-0.0266268	0.0336622
0.0123669	-0.00488064	-0.0310693	-0.0187104
0.0152712	0.00849169	-0.0140925	0.0131936
-0.0131766	0.0259786	0.000646294	0.0364013
0.0297604	0.00779894	-0.0269671	-0.0323394
0.0112143	0.00671818	0.0198994	0.0343212
-0.0121167	-0.015646	0.0285997	-0.0272935
-0.034384	0.0088618	-0.0340698	-0.0165982
0.020386	-0.0355424	0.0173606	0.0382879
0.0231858	-0.0353193	-0.0337316	-0.0120488
0.0151891	-0.00289965	0.0324415	0.0171804
0.0139056	-0.0280864	0.0239981	-0.00241552
0.030895	0.032918	-0.00671979	0.0214675
-0.0142984	-0.0311491	0.0115421	-0.025782
0.0192988	0.0107098	-0.0168224	0.031764
-0.0154455	0.0326927	0.0225871	-0.029468
0.0236475	0.0260682	-0.0203028	-0.0188654
-0.0237672	0.037884	0.00871132	-0.0258507
0.00696426	0.0313153	-0.00198851	0.0197317
-0.034134	0.0295072	-0.0154299	-0.0342919
-0.0304638	-0.0184033	0.0359439	-0.0299351
-0.026197	-0.0271964	-0.0165274	0.0222316
-0.0195566	-0.0313692	-0.0105837	-0.0372347
-0.0278102	0.0143355	-0.0147511	-0.024827
0.006812	-0.0344933	-0.00339454	-0.0322112
-0.0337814	-0.0290277	0.000988977	-0.0185956
0.0297764	-0.0216089	-0.0375004	0.0100118
0.034053	-0.0174684	-0.00812651	0.0302322
-0.0339365	-0.00248198	0.0281322	-0.0250034
0.0325027	0.013611	0.0250779	-0.0363073
-0.00236574	0.0174765	0.0134604	0.0203558
-0.0185767	0.0161615	-0.0368086	-0.0296552
0.00665091	-0.0294883	0.0323225	-0.0167037
-0.0253132	-0.0122505	0.0376818	-0.00476447
0.00646547	0.0039214	0.00215161	-0.0315678
-0.00180739	0.0165294	-0.0329585	-0.0107292
0.0241198	0.0326864	0.0192673	-0.00875724
0.0325675	0.0264941	-0.00756269	-0.0205474
0.00202732	-0.0128276	-0.0287144	0.0109866
0.00628699	0.0353628	-0.00168613	-0.00878328
0.0175346	0.0293935	-0.00298035	0.00571784
-0.0210023	0.0224915	-0.0345869	-0.010147
-0.0180261	-0.0309423	-0.016002	0.0271152
0.0102109	0.0240928	0.0286138	-0.0111286
0.00291802	0.0295611	0.0152693	0.00238495
-0.036946	0.0179863	0.00548959	0.0205652
0.0329841	0.0185669	0.0128869	-0.00228263
-0.0116532	0.0174106	0.0332804	0.0218335
-0.0224945	0.0176515	-0.0241131	0.0330284
0.00172968	0.0116634	-0.0274156	-0.0208649
-0.00756843	0.00869913	-0.0204634	0.0258556
-0.0147396	0.0374669	-0.0264831	-0.0352206
0.0137514	0.0226857	-0.00562901	-0.0369473
0.0110937	0.0155486	0.00726679	0.0269348
-0.00433103	0.0135837	-0.0029203	-0.0217336
-0.0176553	0.0264112	0.0292904	-0.0308445
0.015531	0.0247397	-0.0300582	-0.0299747
-0.0127733	0.0301935	-0.00210673	0.0265922
-0.0218211	-0.029276	-0.0171501	0.0377017
0.0198132	-0.015961	0.0363879	-0.0166641
-0.0184893	0.00558585	-0.0153428	0.0285988
0.0140319	0.0264193	0.0346243	0.0197436
-0.0369822	-0.0380183	0.0378932	-0.00800532
0.0263803	0.0143163	-0.0213342	-0.0264188
0.0269374	-0.0240499	0.0339922	-0.0233349
0.00770204	0.00412187	0.00173089	-0.00125917
-0.0136458	-0.00737311	-0.0159788	0.00116599
0.0128384	-0.0295822	0.0149455	0.00622185
0.00205083	-0.00760276	0.0324822	0.0165074
0.0266002	0.018018	-0.00637924	-0.0261614
-0.0190933	-0.0324382	-0.0250546	0.0357525
-0.0186333	-0.016428	-0.00881215	-0.0160887
-0.0326208	0.00229081	-0.00265214	0.00200558
0.00109934	-0.0251617	-0.00274265	0.0245537
0.0297963	-0.0305538	-0.0185123	0.0110967
0.00851597	-0.00636678	-0.0256969	-0.0339234
0.00237206	0.0310433	-0.035567	0.00680493
0.0245617	0.0262317	0.0326886	-0.0294999
0.0350815	-0.0271749	-0.0307304	0.026224
0.0180963	0.0104761	-0.0213661	0.00151941
-0.0119273	-0.000323546	-0.0330409	-0.0120509
-0.0107057	0.019743	-0.0128799	0.0137657
-0.0348619	0.00972426	-0.00953527	0.00461275
-0.0363947	-0.0158565	-0.000355969	-0.0106842
-0.0378307	-0.00292711	0.0327009	0.00238654
-0.000974259	-0.0149108	0.0258584	0.0211931
-0.0158313	-0.0276641	-0.00937952	-0.0032147
0.015919	-0.0164062	-0.0356713	0.0107258
0.0244712	-0.022936	-0.0145623	0.0094713
0.000566367	-0.0187213	0.0117844	-0.00382699
-0.00248644	0.00585151	-0.0375973	0.0323757
-0.0322369	0.0208686	0.00840885	-0.00024383
-0.0236204	-0.0305207	0.00809474	-0.0223974
-0.00124988	0.00605197	-0.038018	-0.0139436
0.0323621	-0.00303385	0.0253886	0.0116513
-0.0349017	-0.0163519	0.00377297	-0.00741831
-0.0317666	-0.0280449	0.00202683	0.0231112
-0.0195024	0.0278118	-0.0289042	-0.0254967
0.0161554	-0.00771542	-0.0195955	0.0371175
0.00850299	0.00257108	-0.00380497	0.00130464
-0.0311209	0.00761108	0.00303053	-0.0133441
0.0352809	-0.00193485	-0.00633615	0.0345561
0.0280884	0.0243618	0.0256968	0.0235299
-0.0255229	-0.0283168	-0.0379356	0.0269755
-0.00183852	0.0111221	0.0292352	0.0207958
0.019666	0.0320267	-0.0311294	-0.00368738
0.0212118	0.00353511	-0.0253185	0.031366
-0.0376852	0.00394669	0.0319821	-0.0107132
0.00600894	0.0200397	-0.0367548	0.00512666
0.0180745	0.014579	-0.0177349	0.0192761
0.0186299	-0.023796	-0.027698	0.0291202
0.0323003	-0.0185026	-0.0314817	0.0313897
-0.0308498	-0.00389676	0.00769922	-0.00527222
0.0219866	0.024147	0.0010807	-0.00458103
0.0341244	0.00385962	0.00647625	-0.0176084
-0.0304618	0.0313949	0.00208616	0.0354283
-0.0172063	-0.0289825	-0.0113749	-0.0217019
-0.0199257	0.0144143	0.0354107	0.0174908
0.0236759	-0.02323	0.00472885	0.00784013
-0.0309539	-0.0136997	0.0123768	0.0260834
0.0188594	0.0339117	0.00888112	-0.0246501
-0.0170292	0.0208402	0.00544551	0.00190185
-0.0249721	-0.0310498	-0.0175283	-0.0124744
0.0334577	-0.0348278	-0.0213381	-0.00873357
0.0199396	-0.0113266	0.00574144	0.0262722
-0.0308286	0.00413504	-0.0304537	0.0374909
0.0367747	-0.012961	0.0207488	0.0221621
0.0263918	-0.00115272	-0.0305457	0.0110694
-0.0121123	-0.00627191	-0.0210439	-0.0263198
0.0147114	0.0175423	-0.0371606	0.0209656
-0.00332395	-0.0368004	0.00396331	-0.0259399
-0.00501444	-0.0368796	0.0203006	-0.00134987
0.0117736	-0.0226113	-0.00518282	0.0172077
-0.0134543	0.0257802	-0.00865381	0.035904
0.00768136	-0.0269777	0.0206789	-0.0126884
-0.0282837	0.0267296	-0.0142616	-0.000310397
-0.032007	0.0195882	-0.00146926	-0.00609738
-0.00932559	0.0147762	0.0336744	-0.0196363
-0.0277501	-0.00754246	-0.0205935	0.0272904
0.0122206	0.00140917	8.99231e-05	0.0373432
-0.0294698	-0.00886358	-0.0223744	0.0379537
0.0290984	0.00688028	-0.00997752	0.0180966
0.00630224	0.0211253	0.00692214	0.030419
-0.0221009	0.0254584	0.0236388	-0.00563247
0.0128664	-0.00719144	0.0294172	-0.0247984
0.00220788	-0.0132338	-0.0249156	-0.0255034
-0.014344	0.0186345	-0.012589	-0.00851815
0.0338788	0.00204479	-0.0202717	-0.00818635
0.020501	-0.0370382	-0.0278188	0.0303014
-0.0288868	0.0336232	0.0304538	0.0376359
-0.0352939	0.0265638	0.0304191	-0.020417
0.00114167	0.0350921	0.0193762	-0.0326627
-0.00769726	0.0162447	-0.00241467	0.00122383
-0.0220472	0.0337327	-0.0254232	0.00542257
-0.00361933	-0.0379544	0.0363521	-0.00308234
-0.0259764	-0.0333006	-0.0349872	-0.0108179
-0.0146571	-0.000351001	-0.0175629	0.00459946
-0.00506334	-0.0126967	0.018787	-0.0192342
-0.0378033	0.00376539	-0.0272189	-0.0380625
0.0114493	0.0315958	-0.000292885	0.0165937
-0.0285706	-0.0333731	0.0199403	-0.0365826
-0.00290852	0.00518375	0.0150584	-0.0256884
-0.0317839	0.032935	-0.0183063	-0.0230702
0.0214216	-0.0177657	-0.0235565	0.0189391
0.0218559	-0.00725478	-0.0319094	-0.0280984
0.0141162	-0.0322614	-0.0359413	0.00255542
0.0313567	-0.0292549	0.000495866	-0.0196852
0.0280676	-0.0258853	0.00493528	0.00411818
-0.0334281	0.0207335	0.0360471	0.0212331
-0.0346122	0.00142141	0.0182163	-0.0307088
0.00206954	0.0137426	-0.0332888	0.00314746
-0.0246791	-0.0263488	-0.0246413	0.0208728
0.032705	-0.029917	-0.0300751	0.0257017
-0.0298469	-0.00335083	0.0119473	-0.0047475
-0.00856129	0.0373283	0.0373115	-0.0230736
0.00735262	0.00111024	0.037656	-0.0374107
0.0105797	0.0216341	0.0253457	0.00806306
0.0153134	0.0177441	-0.0135915	0.00672218
0.00301266	-0.0350637	-0.0209297	-0.00728305
-0.00713811	0.0228146	0.0358409	5.0468e-05
0.0246454	0.0131485	-0.0214517	0.00604416
0.00593753	0.0297188	-0.0288245	0.010614
0.0322223	0.019688	0.0169032	0.0057017
-0.0212706	-0.00882553	0.0144476	-0.031046
0.0221091	0.0252328	-0.0159338	-0.0222774
-0.00961577	0.0199524	0.0149413	-0.0356946
-0.00902821	-0.00390742	0.0177744	-0.00354994
-0.0307668	-0.0133369	0.00481726	0.020636
0.0235396	-0.0309631	-0.00458567	-0.0166149
-0.00861278	0.0380767	0.0288694	-0.00329845
0.0189012	-0.0199599	-0.0337896	-0.00108432
0.0331877	-0.0261175	-0.0229593	-0.0148835
0.0266974	0.00504172	0.00561381	0.00932711
0.0253361	-0.0252436	-0.0137819	0.0141595
0.0163906	-0.00566445	-0.00820183	-0.0342583
0.0103346	0.0360057	0.0120184	0.0195427
0.00123359	-0.0192863	-0.0114092	-0.0215991
0.00952855	0.00329941	0.030608	-0.0156296
0.000183547	-0.0280984	-0.0213603	-0.0146531
0.00602423	-0.0367715	-0.0136761	0.0379479
0.0131351	-0.0334979	0.0105104	-0.00802446
-0.0359656	0.0238629	-0.0163351	0.0268083
0.0195638	-0.0249016	-3.39387e-06	0.0205068
0.00762131	-0.0251962	0.0187492	-0.0206367
-0.0275939	-0.0177067	0.0339262	-0.0162532
-0.0272162	-0.0257921	-0.00100587	0.0357471
-0.0232448	0.0141327	0.0180912	-0.0197334
0.0212045	-0.0342912	0.020958	0.0301239
0.026316	0.0301707	0.0237166	0.00415535
0.0179866	0.0172878	0.0354755	0.0112975
-0.0241523	0.0267421	0.0184849	-0.00813963
0.0127427	0.0051005	-0.0360491	-0.0281145
-0.0142946	0.00878789	-0.031663	-0.0164025
-0.0301487	0.00821141	-0.00292594	0.035876
0.0296908	0.0344937	0.0167125	-0.0208465
-0.0304043	-0.00419805	-0.00928282	-0.000365989
-0.00154578	-0.0100549	-0.0262986	-0.0381325
-0.0175561	-0.00763245	-0.00382708	0.0139176
-0.0229523	0.0206837	0.0338484	-0.018044
-0.0162249	-0.00279928	0.00742969	-0.0164334
0.0120498	-0.00777448	-0.0132716	-0.0276949
0.0341676	-0.0374948	-0.0382551	0.0191857
-0.0212559	0.00930197	0.0227843	0.00699706
0.000528538	0.035486	0.0306562	0.0199462
0.021285	-0.0245197	-0.0137231	-0.00496882
0.0333534	-0.0345812	-0.0237315	0.0110527
-0.0273555	0.0332729	0.00436054	0.00117492
-0.0157002	-0.0055873	0.0131816	0.0117461
0.00466325	0.00693693	-0.0314374	0.0337371
0.0110467	-0.0330442	0.0213142	0.0248358
0.0285428	-0.00414012	0.0378195	0.0113801
-0.0204204	0.0116578	0.0173869	-0.0126013
0.0132998	0.0290374	-0.0333349	0.0133301
0.0098879	0.00917696	-0.000497844	-0.00642712
0.0254196	0.0246803	-0.00217787	0.0050759
0.0239247	-0.026888	-0.0377227	0.0353909
0.0208904	0.0216036	0.0368102	-0.00899396
-0.0360439	0.000594284	-0.0224006	0.0236564
0.00691049	-0.0229605	0.0215492	0.0272008
0.00898768	0.0135555	0.0222129	0.0334754
0.0201614	-0.0203367	-0.0252391	-0.00336002
0.0209769	-0.0344371	0.00172013	-0.0192528
-0.0164884	-0.0195627	0.0244778	-0.0329531
-0.0323519	0.02667	-0.0185881	0.0185514
0.0290469	0.011993	0.0371081	-0.0216907
-0.0250163	-0.0232877	0.0028763	-0.0154856
-0.0245374	-0.0157468	0.010443	-0.0201285
-0.0107176	-0.0362807	-0.0275044	-0.0215092
-0.00435368	0.00729857	0.0373632	0.036746
-0.00927106	-0.0332818	0.00597746	0.000141472
0.0112762	-0.000861213	0.0182392	0.000371287
-0.0305226	0.0377428	-0.0142224	-0.0292629
-0.0133222	-0.0325579	0.00603628	-0.0189868
0.028239	-0.029778	0.00270959	-0.0309456
0.00822469	0.0350101	-0.0218802	0.0289973
-0.0302559	-0.0188589	0.0306272	0.0143583
0.0233737	-0.0261404	0.0172921	0.0184211
0.0190879	0.0300642	0.0207943	-0.00814173
-0.00773734	0.0137725	0.00549485	-0.0122096
-0.0101817	0.0190152	0.0241686	0.0138442
-0.00808412	0.0352387	0.00379451	-0.0216199
-0.0174133	-0.0285864	0.0050004	0.0374845
0.00761657	-0.00754576	0.00324155	-0.0370711
-0.033003	0.0260574	0.00877355	0.0300241
0.0306933	0.0188093	-0.0338114	-0.00725662
-0.00518253	-0.0210842	-0.0372503	0.00631872
0.0291404	0.0373882	0.00936482	0.0271011
0.0133651	0.00219417	-0.0353151	0.0220634
-0.00300769	0.0177288	-0.021337	-0.0083388
-0.00216786	-0.023791	-0.00739992	0.015988
-0.015866	-0.022469	0.0252117	0.0172248
-0.021065	0.0356109	-0.00826209	0.0266151
-0.0194097	-0.0200094	0.0326342	0.0350492
0.00586436	-0.00381296	0.0113755	0.0225857
-0.0151981	0.0240621	0.0114637	0.00685261
-0.0285815	0.0302023	0.0314284	-0.0249555
0.0190668	0.0111181	-0.0240622	-0.0312139
-0.00151686	-0.0299035	-0.0164072	0.025038
-0.00108039	0.0321404	-0.03439	-0.00815074
-0.0235056	-0.0198021	-0.025013	-0.0327819
0.0274308	-0.0249665	0.0278842	-0.0131344
-0.0280229	-0.00693956	0.0221632	0.0305345
-0.0158094	-0.020278	-0.000921392	-0.0237308
-0.0241101	-0.0193058	-0.00439347	0.0061927
-0.0380026	0.00150121	-0.0134412	0.0379029
0.030634	-0.0234867	0.0155124	-0.0330474
-0.0161473	5.40071e-05	-0.0120803	-0.0177629
0.0235899	0.0135795	-0.0344631	0.01801
0.0115031	-0.0316412	-0.0020073	-0.00287518
0.0143341	-0.0243922	0.0317285	0.00834147
-0.0248106	-0.00562402	0.0280195	-0.00645984
-0.0347997	-0.0346211	-0.0365268	0.0138189
0.0351395	-0.0147599	-0.00158502	0.00751197
0.0210247	0.0250489	-0.0070529	-0.00521702
-0.029584	0.029655	0.0105608	0.00552903
0.0276142	-0.0341693	0.00291754	-0.0380586
-0.0223766	-0.034254	-0.00598922	-0.0372123
0.0377751	0.0288245	-0.0183884	-0.00568382
0.00276051	0.00624358	0.00591638	0.0223187
0.0128345	0.0216935	0.0109878	-0.0072371
-0.0026115	-0.0331853	0.0125257	-0.0280098
0.0251132	0.0219933	-0.00718589	0.00122953
0.0299882	0.0190856	-0.0355883	-0.0189359
0.0161976	-0.014976	0.00684587	-0.0312746
-0.00724112	-0.0200384	-0.0341244	-0.0144988
-0.0234286	0.004929	0.0141894	0.0262307
0.0258348	-0.0229924	-3.97357e-05	-0.0179161
-0.026393	0.0292984	-0.0198726	-0.00739865
0.0132732	0.0132443	0.0360962	0.0129547
-0.0134643	-0.0290707	0.0038842	0.0122472
-0.0116799	-0.0287224	-0.00657155	-0.00186655
0.0024853	0.0264964	0.0256664	0.0381343
-0.00326849	0.00220844	-0.0122666	0.00446771
0.0107294	-0.0107817	0.030821	0.0127167
0.0165939	-0.031028	-0.017041	0.006013
-0.00305234	-0.0345091	0.0126062	0.0040566
0.00314461	0.00395037	0.00801942	0.0179832
-0.0377721	0.00724468	0.0091927	0.026564
-0.0176812	0.0172891	0.0164571	-0.0162474
-0.023571	0.0105279	-0.0323019	-0.0232059
0.0147807	0.0210712	0.00260728	-0.00340846
-0.00427306	-0.0265536	0.00616261	0.0156067
-0.020152	0.0141255	-0.0305146	0.0289269
0.0117016	-0.0319075	-0.0372917	-0.0342105
-0.0214671	0.0367141	0.0374237	-0.0279243
-0.0115173	0.00556182	0.0183601	-0.00385805
0.00109701	-0.027858	0.0039398	-0.0339551
-0.00562491	-0.0357587	-0.00687952	-0.0268226
-0.0119609	-0.00383243	0.0382856	0.0287721
-0.0343612	0.0166043	-0.0284578	0.0266776
-0.0310092	0.0241536	-0.0342057	0.0042543
0.0236463	0.00120102	0.0124973	-0.0375517
0.0289708	0.000378825	0.0026703	-0.0104069
0.0371978	0.00502048	-0.03148	0.0236324
0.00162512	0.0244438	-0.0189707	-0.0305123
-0.0164891	0.0185592	0.0068599	0.0134083
