beta, lnZ, db=0.025
0.05 -86343.3
0.075 -88626.9
0.1 -90938
0.125 -93276.8
0.15 -95643.2
0.175 -98037.1
0.2 -100458
0.225 -102907
0.25 -105383
0.275 -107887
0.3 -110418
0.325 -112976
0.35 -115561
0.375 -118173
0.4 -120812
0.425 -123478
0.45 -126172
0.475 -128892
0.5 -131639
0.525 -134413
0.55 -137214
0.575 -140041
0.6 -142896
0.625 -145778
0.65 -148687
0.675 -151623
0.7 -154587
0.725 -157578
0.75 -160597
0.775 -163643
0.8 -166718
0.825 -169821
0.85 -172954
0.875 -176115
0.9 -179305
0.925 -182526
0.95 -185777
0.975 -189059
1 -192373
1.025 -195720
1.05 -199100
1.075 -202514
1.1 -205964
1.125 -209451
1.15 -212976
1.175 -216541
1.2 -220149
1.225 -223802
1.25 -227504
1.275 -231259
1.3 -235078
1.325 -238978
1.35 -242969
1.375 -247021
1.4 -251124
1.425 -255256
1.45 -259424
1.475 -263621
1.5 -267841
1.525 -272082
1.575 -280625
1.6 -284907
1.625 -289210
1.65 -293525
1.675 -297850
1.7 -302185
1.725 -306528
1.75 -310878
1.775 -315236
1.8 -319599
1.825 -323968
1.85 -328343
1.875 -332721
1.9 -337104
1.925 -341491
1.95 -345882
1.975 -350275
2 -354672
2.025 -359071
2.05 -363472
2.075 -367876
2.1 -372282
2.125 -376689
2.15 -381099
2.175 -385510
2.2 -389922
2.225 -394336
2.25 -398750
2.275 -403166
2.3 -407583
2.325 -412001
2.35 -416420
2.375 -420839
2.4 -425259
2.425 -429680
2.45 -434101
2.475 -438523
2.5 -442946
2.525 -447369
2.55 -451792
2.575 -456216
2.6 -460640
2.625 -465065
2.65 -469490
2.675 -473915
2.7 -478340
2.725 -482766
2.75 -487192
2.775 -491618
2.8 -496044
2.825 -500471
2.85 -504898
2.875 -509324
2.9 -513751
2.925 -518178
2.95 -522606
2.975 -527033
3 -531460
3.025 -535888
3.05 -540315
3.075 -544743
3.1 -549171
3.125 -553599
3.15 -558026
3.175 -562454
3.2 -566882
3.225 -571310
3.25 -575739
3.275 -580167
3.3 -584595
3.325 -589023
3.35 -593451
3.375 -597880
3.4 -602308
3.425 -606736
3.45 -611165
3.475 -615593
3.5 -620021
3.525 -624450
3.55 -628878
3.575 -633307
3.6 -637735
3.625 -642164
3.65 -646592
3.675 -651021
3.7 -655449
3.725 -659878
3.75 -664306
3.775 -668735
3.8 -673163
3.825 -677592
3.85 -682021
3.875 -686449
3.9 -690878
3.925 -695306
3.95 -699735
3.975 -704164
4 -708592
