beta, lnZ, db=0.025
0.05 -1.72691e+06
0.075 -1.73529e+06
0.1 -1.74383e+06
0.125 -1.75254e+06
0.15 -1.76143e+06
0.175 -1.77049e+06
0.2 -1.77972e+06
0.225 -1.78914e+06
0.25 -1.79873e+06
0.275 -1.80851e+06
0.3 -1.81847e+06
0.325 -1.82862e+06
0.35 -1.83896e+06
0.375 -1.8495e+06
0.4 -1.86023e+06
0.425 -1.87115e+06
0.45 -1.88228e+06
0.475 -1.89361e+06
0.5 -1.90514e+06
0.525 -1.91688e+06
0.55 -1.92883e+06
0.575 -1.94099e+06
0.6 -1.95336e+06
0.625 -1.96595e+06
0.65 -1.97875e+06
0.675 -1.99178e+06
0.7 -2.00502e+06
0.725 -2.0185e+06
0.75 -2.03219e+06
0.775 -2.04612e+06
0.8 -2.06028e+06
0.825 -2.07468e+06
0.85 -2.08931e+06
0.875 -2.10418e+06
0.9 -2.11929e+06
0.925 -2.13465e+06
0.95 -2.15025e+06
0.975 -2.16611e+06
1 -2.18222e+06
1.025 -2.19859e+06
1.05 -2.21522e+06
1.075 -2.23211e+06
1.1 -2.24927e+06
1.125 -2.26671e+06
1.15 -2.28442e+06
1.175 -2.30242e+06
1.2 -2.3207e+06
1.225 -2.33928e+06
1.25 -2.35816e+06
1.275 -2.37734e+06
1.3 -2.39684e+06
1.325 -2.41667e+06
1.35 -2.43682e+06
1.375 -2.45732e+06
1.4 -2.47817e+06
1.425 -2.49938e+06
1.45 -2.52098e+06
1.475 -2.54296e+06
1.5 -2.56537e+06
1.525 -2.58821e+06
1.55 -2.61151e+06
1.575 -2.63531e+06
1.6 -2.65964e+06
1.625 -2.68456e+06
1.65 -2.71017e+06
1.675 -2.73658e+06
1.7 -2.76411e+06
1.725 -2.79554e+06
1.75 -2.83036e+06
1.775 -2.86599e+06
1.8 -2.90224e+06
1.825 -2.93894e+06
1.85 -2.97602e+06
1.875 -3.0134e+06
1.9 -3.05107e+06
1.925 -3.08896e+06
1.95 -3.12706e+06
1.975 -3.16533e+06
2 -3.20375e+06
2.025 -3.24232e+06
2.05 -3.28064e+06
2.075 -3.3198e+06
2.1 -3.35868e+06
2.125 -3.39766e+06
2.15 -3.43672e+06
2.175 -3.47585e+06
2.2 -3.51504e+06
2.225 -3.55429e+06
2.25 -3.59359e+06
2.275 -3.63294e+06
2.3 -3.67233e+06
2.325 -3.71176e+06
2.35 -3.75122e+06
2.375 -3.79072e+06
2.4 -3.83025e+06
2.425 -3.8698e+06
2.45 -3.90938e+06
2.475 -3.94899e+06
2.5 -3.98861e+06
2.525 -4.02825e+06
2.55 -4.06791e+06
2.575 -4.10758e+06
2.6 -4.14727e+06
2.625 -4.18698e+06
2.65 -4.22669e+06
2.675 -4.26642e+06
2.7 -4.30615e+06
2.725 -4.3459e+06
2.75 -4.38565e+06
2.775 -4.42542e+06
2.8 -4.46519e+06
2.85 -4.54475e+06
2.875 -4.58454e+06
2.9 -4.62433e+06
2.925 -4.66413e+06
2.95 -4.70393e+06
2.975 -4.74374e+06
3 -4.78355e+06
3.025 -4.82337e+06
3.05 -4.86319e+06
3.075 -4.90301e+06
3.1 -4.94283e+06
3.125 -4.98266e+06
3.15 -5.02249e+06
3.175 -5.06232e+06
3.2 -5.10215e+06
3.225 -5.14199e+06
3.25 -5.18182e+06
3.275 -5.22166e+06
3.3 -5.2615e+06
3.325 -5.30134e+06
3.35 -5.34119e+06
3.375 -5.38103e+06
3.4 -5.42087e+06
3.425 -5.46072e+06
3.45 -5.50057e+06
3.475 -5.54041e+06
3.5 -5.58026e+06
3.525 -5.62011e+06
3.55 -5.65996e+06
3.575 -5.69981e+06
3.6 -5.73966e+06
3.625 -5.77951e+06
3.65 -5.81936e+06
3.675 -5.85922e+06
3.7 -5.89907e+06
3.725 -5.93892e+06
3.75 -5.97878e+06
3.775 -6.01863e+06
3.8 -6.05848e+06
3.825 -6.09834e+06
3.85 -6.13819e+06
3.875 -6.17805e+06
3.9 -6.2179e+06
3.925 -6.25776e+06
3.95 -6.29762e+06
3.975 -6.33747e+06
4 -6.37733e+06
