beta, lnZ, db=0.025
0.05 -14749.5
0.075 -14920.5
0.1 -15094.2
0.125 -15270.8
0.15 -15450.2
0.175 -15632.5
0.2 -15817.6
0.225 -16005.7
0.25 -16196.7
0.275 -16390.6
0.3 -16587.4
0.325 -16787.2
0.35 -16990.1
0.375 -17195.9
0.4 -17404.7
0.425 -17616.5
0.45 -17831.4
0.475 -18049.4
0.5 -18270.4
0.525 -18494.5
0.55 -18721.7
0.575 -18952
0.6 -19185.5
0.625 -19422.1
0.65 -19661.9
0.675 -19904.8
0.7 -20151
0.725 -20400.4
0.75 -20653
0.775 -20908.9
0.8 -21168.1
0.825 -21430.7
0.85 -21696.6
0.875 -21965.9
0.9 -22238.6
0.925 -22514.8
0.95 -22794.6
0.975 -23077.9
1 -23364.9
1.025 -23655.5
1.05 -23949.9
1.075 -24248.1
1.1 -24550.4
1.125 -24856.6
1.15 -25166.9
1.175 -25481.5
1.2 -25800.5
1.225 -26124.1
1.25 -26452.3
1.275 -26785.6
1.3 -27124
1.325 -27467.9
1.35 -27817.7
1.375 -28173.8
1.4 -28536.9
1.425 -28907.8
1.45 -29287.8
1.475 -29679.2
1.5 -30087.2
1.525 -30515.6
1.55 -30957.8
1.575 -31406.4
1.6 -31860.5
1.625 -32318.8
1.65 -32780.8
1.675 -33246.1
1.7 -33714
1.725 -34184.3
1.75 -34656.7
1.775 -35131
1.8 -35607
1.825 -36084.5
1.85 -36563.3
1.875 -37043.3
1.9 -37524.4
1.925 -38006.5
1.95 -38489.5
1.975 -38973.3
2 -39457.7
2.025 -39942.8
2.05 -40428.5
2.075 -40914.8
2.1 -41401.5
2.125 -41888.7
2.15 -42376.3
2.175 -42864.2
2.2 -43352.5
2.225 -43841.1
2.25 -44330
2.275 -44819.1
2.3 -45308.5
2.325 -45798
2.35 -46287.8
2.375 -46777.8
2.4 -47267.9
2.425 -47758.2
2.45 -48248.7
2.475 -48739.2
2.5 -49229.9
2.525 -49720.7
2.55 -50211.6
2.575 -50702.5
2.6 -51193.6
2.625 -51684.8
2.65 -52176
2.675 -52667.2
2.7 -53158.6
2.725 -53650
2.75 -54141.4
2.775 -54632.9
2.8 -55124.5
2.825 -55616.1
2.85 -56107.7
2.875 -56599.3
2.9 -57091
2.925 -57582.7
2.95 -58074.5
2.975 -58566.2
3 -59058
3.025 -59549.8
3.05 -60041.7
3.075 -60533.5
3.1 -61025.4
3.125 -61517.3
3.15 -62009.2
3.175 -62501.1
3.2 -62993
3.225 -63484.9
3.25 -63976.9
3.275 -64468.8
3.3 -64960.8
3.325 -65452.8
3.35 -65944.8
3.375 -66436.7
3.4 -66928.7
3.425 -67420.7
3.45 -67912.7
3.475 -68404.7
3.5 -68896.8
3.525 -69388.8
3.55 -69880.8
3.575 -70372.8
3.6 -70864.9
3.625 -71356.9
3.65 -71848.9
3.675 -72341
3.7 -72833
3.725 -73325.1
3.75 -73817.1
3.775 -74309.1
3.8 -74801.2
3.825 -75293.3
3.85 -75785.3
3.875 -76277.4
3.9 -76769.4
3.925 -77261.5
3.95 -77753.5
3.975 -78245.6
4 -78737.7
