beta, lnZ, db=0.025
0.05 -191879
0.075 -192810
0.1 -193759
0.125 -194727
0.15 -195714
0.175 -196721
0.2 -197747
0.225 -198793
0.25 -199859
0.275 -200945
0.3 -202052
0.325 -203180
0.35 -204330
0.375 -205500
0.4 -206692
0.425 -207906
0.45 -209143
0.475 -210402
0.5 -211683
0.525 -212987
0.55 -214315
0.575 -215666
0.6 -217041
0.625 -218439
0.65 -219862
0.675 -221310
0.7 -222782
0.725 -224279
0.75 -225801
0.775 -227349
0.8 -228922
0.825 -230522
0.85 -232148
0.875 -233800
0.9 -235480
0.925 -237186
0.95 -238921
0.975 -240683
1 -242473
1.025 -244292
1.05 -246140
1.075 -248017
1.1 -249924
1.125 -251862
1.15 -253830
1.175 -255829
1.2 -257860
1.225 -259923
1.25 -262020
1.275 -264149
1.3 -266313
1.325 -268512
1.35 -270746
1.375 -273017
1.4 -275326
1.425 -277673
1.45 -280060
1.475 -282489
1.5 -284961
1.525 -287478
1.55 -290043
1.575 -292658
1.6 -295328
1.625 -298059
1.65 -300858
1.675 -303742
1.7 -306803
1.725 -310555
1.75 -314445
1.775 -318418
1.8 -322453
1.825 -326537
1.85 -330661
1.875 -334819
1.9 -339007
1.925 -343219
1.95 -347453
1.975 -351706
2 -355977
2.025 -360262
2.05 -364513
2.075 -368872
2.1 -373193
2.125 -377524
2.15 -381864
2.175 -386212
2.2 -390566
2.225 -394927
2.25 -399294
2.275 -403666
2.3 -408043
2.325 -412424
2.35 -416810
2.375 -421198
2.4 -425590
2.425 -429985
2.45 -434383
2.475 -438783
2.5 -443186
2.525 -447591
2.55 -451997
2.575 -456405
2.6 -460815
2.625 -465227
2.65 -469639
2.675 -474054
2.7 -478469
2.725 -482885
2.75 -487302
2.775 -491720
2.8 -496139
2.825 -500559
2.85 -504979
2.875 -509400
2.9 -513822
2.925 -518244
2.95 -522666
2.975 -527089
3 -531513
3.025 -535937
3.05 -540361
3.075 -544786
3.1 -549211
3.125 -553636
3.15 -558061
3.175 -562487
3.2 -566913
3.225 -571339
3.25 -575765
3.275 -580192
3.3 -584618
3.325 -589045
3.35 -593472
3.375 -597899
3.4 -602326
3.425 -606754
3.45 -611181
3.475 -615609
3.5 -620036
3.525 -624464
3.55 -628892
3.575 -633319
3.6 -637747
3.625 -642175
3.65 -646603
3.675 -651031
3.7 -655459
3.725 -659888
3.75 -664316
3.775 -668744
3.8 -673172
3.825 -677600
3.85 -682029
3.875 -686457
3.9 -690885
3.925 -695314
3.95 -699742
3.975 -704171
4 -708599
