beta, lnZ, db=0.025
0.05 -2.25082e+06
0.075 -2.27171e+06
0.1 -2.29301e+06
0.125 -2.31472e+06
0.15 -2.33686e+06
0.175 -2.35943e+06
0.2 -2.38244e+06
0.225 -2.40592e+06
0.25 -2.42987e+06
0.275 -2.4543e+06
0.3 -2.47922e+06
0.325 -2.50466e+06
0.35 -2.53062e+06
0.375 -2.55711e+06
0.4 -2.58415e+06
0.425 -2.61176e+06
0.45 -2.63995e+06
0.475 -2.66872e+06
0.5 -2.69811e+06
0.525 -2.72812e+06
0.55 -2.75876e+06
0.575 -2.79006e+06
0.6 -2.82203e+06
0.625 -2.85469e+06
0.65 -2.88805e+06
0.675 -2.92213e+06
0.7 -2.95696e+06
0.725 -2.99254e+06
0.75 -3.02891e+06
0.775 -3.06608e+06
0.8 -3.10408e+06
0.825 -3.14293e+06
0.85 -3.18267e+06
0.875 -3.22333e+06
0.9 -3.26494e+06
0.925 -3.30755e+06
0.95 -3.35121e+06
0.975 -3.39598e+06
1 -3.44193e+06
1.025 -3.48915e+06
1.05 -3.53776e+06
1.075 -3.58791e+06
1.1 -3.63986e+06
1.125 -3.69402e+06
1.15 -3.75164e+06
1.175 -3.81847e+06
1.2 -3.88847e+06
1.225 -3.96022e+06
1.25 -4.03322e+06
1.275 -4.10722e+06
1.3 -4.18201e+06
1.325 -4.25748e+06
1.35 -4.33349e+06
1.375 -4.40997e+06
1.4 -4.48685e+06
1.425 -4.56408e+06
1.45 -4.6416e+06
1.475 -4.71937e+06
1.5 -4.79737e+06
1.525 -4.87557e+06
1.55 -4.95393e+06
1.575 -5.03244e+06
1.6 -5.11109e+06
1.625 -5.18985e+06
1.65 -5.26872e+06
1.675 -5.34767e+06
1.7 -5.42671e+06
1.725 -5.50582e+06
1.75 -5.58499e+06
1.775 -5.66422e+06
1.8 -5.7435e+06
1.825 -5.82282e+06
1.85 -5.90218e+06
1.875 -5.98158e+06
1.9 -6.06102e+06
1.925 -6.14048e+06
1.95 -6.21996e+06
1.975 -6.29947e+06
2 -6.379e+06
2.025 -6.45855e+06
2.05 -6.53812e+06
2.075 -6.6177e+06
2.1 -6.69729e+06
2.125 -6.7769e+06
2.15 -6.85652e+06
2.175 -6.93614e+06
2.2 -7.01578e+06
2.225 -7.09541e+06
2.25 -7.17507e+06
2.275 -7.25473e+06
2.3 -7.33439e+06
2.325 -7.41406e+06
2.35 -7.49373e+06
2.375 -7.57341e+06
2.4 -7.65309e+06
2.425 -7.73277e+06
2.45 -7.81246e+06
2.475 -7.89215e+06
2.5 -7.97184e+06
2.525 -8.05154e+06
2.55 -8.13124e+06
2.575 -8.21093e+06
2.6 -8.29063e+06
2.625 -8.37034e+06
2.65 -8.45004e+06
2.675 -8.52974e+06
2.7 -8.60945e+06
2.725 -8.68916e+06
2.75 -nan
2.775 -8.84857e+06
2.8 -8.92828e+06
2.825 -9.00799e+06
2.85 -9.0877e+06
2.875 -9.16741e+06
2.9 -9.24712e+06
2.925 -9.32684e+06
2.95 -9.40655e+06
2.975 nan
3 -9.56597e+06
3.025 -9.64569e+06
3.05 -9.7254e+06
3.075 -9.80512e+06
3.1 -9.88483e+06
3.125 -9.96454e+06
3.15 nan
3.175 -1.0124e+07
3.2 -nan
3.225 -1.02834e+07
3.25 -1.03631e+07
3.275 -nan
3.3 -1.05225e+07
3.325 -1.06023e+07
3.35 -1.0682e+07
3.375 -1.07617e+07
3.4 -1.08414e+07
3.425 nan
3.45 -nan
3.475 -nan
3.5 -1.11603e+07
3.525 -nan
3.55 -1.13197e+07
3.575 -nan
3.6 -nan
3.625 -1.15589e+07
3.65 nan
3.675 -1.17183e+07
3.7 -1.1798e+07
3.725 nan
3.75 nan
3.775 -1.20371e+07
3.8 -1.21169e+07
3.825 -nan
3.85 -1.22763e+07
3.875 -1.2356e+07
3.9 -nan
3.925 -1.25154e+07
3.95 -nan
3.975 -nan
4 -nan
