beta, lnZ, db=0.025
0.075 -1.50421e+06
0.1 -1.51484e+06
0.125 -1.52567e+06
0.15 -1.5367e+06
0.175 -1.54793e+06
0.2 -1.55936e+06
0.225 -1.57099e+06
0.25 -1.58284e+06
0.275 -1.59489e+06
0.3 -1.60715e+06
0.325 -1.61963e+06
0.35 -1.63232e+06
0.375 -1.64523e+06
0.4 -1.65836e+06
0.5 -1.7131e+06
0.525 -1.72736e+06
0.55 -1.74184e+06
0.575 -1.75656e+06
0.6 -1.77152e+06
0.625 -1.78671e+06
0.65 -1.80214e+06
0.675 -1.81781e+06
0.7 -1.83372e+06
0.725 -1.84988e+06
0.75 -1.86628e+06
0.775 -1.88294e+06
0.8 -1.89984e+06
0.825 -1.917e+06
0.85 -1.93442e+06
0.875 -1.95209e+06
0.9 -1.97003e+06
0.925 -1.98823e+06
0.95 -2.0067e+06
0.975 -2.02544e+06
1 -2.04446e+06
1.025 -2.06375e+06
1.05 -2.08333e+06
1.075 -2.10319e+06
1.1 -2.12335e+06
1.125 -2.1438e+06
1.15 -2.16456e+06
1.175 -2.18563e+06
1.2 -2.20702e+06
1.225 -2.22873e+06
1.25 -2.25078e+06
1.275 -2.27317e+06
1.3 -2.29592e+06
1.325 -2.31903e+06
1.35 -2.34253e+06
1.375 -2.36643e+06
1.4 -2.39074e+06
1.425 -2.4155e+06
1.45 -2.44072e+06
1.475 -2.46638e+06
1.5 -2.49265e+06
1.525 -2.51953e+06
1.55 -2.54709e+06
1.575 -2.57548e+06
1.6 -2.60497e+06
1.625 -2.63753e+06
1.65 -2.67216e+06
1.675 -2.70765e+06
1.7 -2.74377e+06
1.725 -2.78036e+06
1.75 -2.81735e+06
1.775 -2.85466e+06
1.8 -2.89225e+06
1.825 -2.93009e+06
1.85 -2.96813e+06
1.875 -3.00635e+06
1.9 -3.04473e+06
1.925 -3.08326e+06
1.95 -3.12191e+06
1.975 -3.16067e+06
2 -3.19953e+06
2.025 -3.23848e+06
2.05 -3.27752e+06
2.075 -3.31662e+06
2.1 -3.3558e+06
2.125 -3.39503e+06
2.15 -3.43431e+06
2.175 -3.47365e+06
2.2 -3.51302e+06
2.225 -3.55244e+06
2.275 -3.63139e+06
2.3 -3.67091e+06
2.325 -3.71045e+06
2.35 -3.75003e+06
2.375 -3.78962e+06
2.4 -3.82924e+06
2.425 -3.86888e+06
2.45 -3.90853e+06
2.475 -3.9482e+06
2.5 -3.98788e+06
2.525 -4.02758e+06
2.55 -4.0673e+06
2.575 -4.10702e+06
2.6 -4.14675e+06
2.625 -4.1865e+06
2.65 -4.22625e+06
2.675 -4.26601e+06
2.7 -4.30578e+06
2.725 -4.34555e+06
2.75 -4.38533e+06
2.775 -4.42512e+06
2.8 -4.46491e+06
2.825 -4.50471e+06
2.85 -4.54451e+06
2.9 -4.62413e+06
2.925 -4.66394e+06
2.95 -4.70376e+06
2.975 -4.74358e+06
3 -4.78341e+06
3.025 -4.82323e+06
3.05 -4.86306e+06
3.075 -4.90289e+06
3.1 -4.94272e+06
3.125 -4.98255e+06
3.15 -5.02239e+06
3.175 -5.06223e+06
3.2 -5.10207e+06
3.225 -5.14191e+06
3.25 -5.18176e+06
3.275 -5.2216e+06
3.3 -5.26144e+06
3.325 -5.30129e+06
3.35 -5.34114e+06
3.375 -5.38098e+06
3.4 -5.42083e+06
3.425 -5.46068e+06
3.45 -5.50053e+06
3.475 -5.54038e+06
3.5 -5.58023e+06
3.525 -5.62008e+06
3.55 -5.65993e+06
3.575 -5.69979e+06
3.6 -5.73964e+06
3.625 -5.77949e+06
3.65 -5.81934e+06
3.675 -5.8592e+06
3.7 -5.89905e+06
3.725 -5.93891e+06
3.75 -5.97876e+06
3.775 -6.01862e+06
3.8 -6.05847e+06
3.825 -6.09833e+06
3.85 -6.13818e+06
3.875 -6.17804e+06
3.9 -6.21789e+06
3.925 -6.25775e+06
3.95 -6.29761e+06
3.975 -6.33746e+06
4 -6.37732e+06
