beta, lnZ, db=0.025
0.05 -165975
0.075 -167135
0.1 -168316
0.125 -169519
0.15 -170745
0.175 -171992
0.2 -173262
0.225 -174555
0.25 -175871
0.275 -177210
0.3 -178572
0.325 -179959
0.35 -181369
0.375 -182803
0.4 -184262
0.425 -185745
0.45 -187254
0.475 -188787
0.5 -190345
0.525 -191929
0.55 -193539
0.575 -195175
0.6 -196836
0.625 -198524
0.65 -200239
0.675 -201980
0.7 -203748
0.725 -205544
0.75 -207367
0.775 -209217
0.8 -211096
0.825 -213003
0.85 -214938
0.875 -216903
0.9 -218896
0.925 -220919
0.95 -222972
0.975 -225055
1 -227168
1.025 -229313
1.05 -231489
1.075 -233697
1.1 -235938
1.125 -238212
1.15 -240520
1.175 -242862
1.2 -245240
1.225 -247654
1.25 -250106
1.275 -252595
1.3 -255124
1.325 -257693
1.35 -260305
1.375 -262960
1.4 -265662
1.425 -268411
1.45 -271211
1.475 -274066
1.5 -276978
1.525 -279957
1.55 -283007
1.575 -286147
1.6 -289406
1.625 -293004
1.65 -296866
1.675 -300822
1.7 -304842
1.725 -308917
1.75 -313029
1.775 -317180
1.8 -321359
1.825 -325564
1.85 -329793
1.875 -334041
1.9 -338307
1.925 -342588
1.95 -346883
1.975 -351190
2 -355508
2.025 -359837
2.05 -364174
2.075 -368519
2.1 -372872
2.125 -377231
2.15 -381596
2.175 -385967
2.2 -390342
2.225 -394722
2.25 -399106
2.275 -403494
2.3 -407885
2.325 -412279
2.35 -416676
2.375 -421075
2.4 -425477
2.425 -429881
2.45 -434287
2.475 -438695
2.5 -443105
2.525 -447516
2.55 -451928
2.575 -456342
2.6 -460756
2.625 -465172
2.65 -469589
2.675 -474007
2.7 -478426
2.725 -482845
2.75 -487265
2.775 -491686
2.8 -496108
2.825 -500530
2.85 -504952
2.875 -509375
2.9 -513798
2.925 -518222
2.95 -522646
2.975 -527071
3 -531496
3.025 -535921
3.05 -540346
3.075 -544772
3.1 -549198
3.125 -553620
3.15 -558050
3.175 -562476
3.2 -566903
3.225 -571330
3.25 -575757
3.275 -580184
3.3 -584611
3.325 -589038
3.35 -593466
3.375 -597893
3.4 -602321
3.425 -606748
3.45 -611176
3.475 -615604
3.5 -620032
3.525 -624460
3.55 -628888
3.575 -633316
3.6 -637744
3.625 -642172
3.65 -646600
3.675 -651028
3.7 -655456
3.725 -659885
3.75 -664313
3.775 -668741
3.8 -673170
3.825 -677598
3.85 -682026
3.875 -686455
3.9 -690883
3.925 -695312
3.95 -699740
3.975 -704169
4 -708597
