beta, lnZ, db=0.025
0.05 -1.91799e+06
0.075 -1.92499e+06
0.1 -1.93213e+06
0.125 -1.93942e+06
0.15 -1.94686e+06
0.175 -1.95445e+06
0.2 -1.9622e+06
0.225 -1.9701e+06
0.25 -1.97817e+06
0.275 -1.98639e+06
0.3 -1.99478e+06
0.325 -2.00334e+06
0.35 -2.01207e+06
0.375 -2.02097e+06
0.4 -2.03004e+06
0.425 -2.03929e+06
0.45 -2.04871e+06
0.475 -2.05832e+06
0.5 -2.06811e+06
0.525 -2.07809e+06
0.55 -2.08826e+06
0.575 -2.09862e+06
0.6 -2.10917e+06
0.625 -2.11991e+06
0.65 -2.13086e+06
0.675 -2.142e+06
0.7 -2.15335e+06
0.725 -2.1649e+06
0.75 -2.17667e+06
0.775 -2.18864e+06
0.8 -2.20082e+06
0.825 -2.21322e+06
0.85 -2.22584e+06
0.875 -2.23868e+06
0.9 -2.25174e+06
0.925 -2.26503e+06
0.95 -2.27855e+06
0.975 -2.2923e+06
1 -2.30628e+06
1.025 -2.3205e+06
1.05 -2.33497e+06
1.075 -2.34968e+06
1.1 -2.36463e+06
1.125 -2.37984e+06
1.15 -2.39531e+06
1.175 -2.41104e+06
1.2 -2.42703e+06
1.225 -2.44329e+06
1.25 -2.45973e+06
1.275 -2.47663e+06
1.3 -2.49373e+06
1.325 -2.51112e+06
1.35 -2.52877e+06
1.375 -2.54681e+06
1.4 -2.56511e+06
1.425 -2.58374e+06
1.45 -2.6027e+06
1.475 -2.62199e+06
1.5 -2.64164e+06
1.525 -2.66165e+06
1.55 -2.68203e+06
1.575 -2.70281e+06
1.6 -2.72399e+06
1.625 -2.74561e+06
1.65 -2.76769e+06
1.675 -2.79025e+06
1.7 -2.81334e+06
1.725 -2.83697e+06
1.75 -2.86139e+06
1.775 -2.88661e+06
1.8 -2.9157e+06
1.825 -2.95017e+06
1.85 -2.98565e+06
1.875 -3.02182e+06
1.9 -3.05847e+06
1.925 -3.09553e+06
1.95 -3.13289e+06
1.975 -3.17055e+06
2 -3.20844e+06
2.025 -3.24653e+06
2.05 -3.2848e+06
2.075 -3.32323e+06
2.1 -3.3618e+06
2.125 -3.40049e+06
2.15 -3.43929e+06
2.175 -3.47818e+06
2.2 -3.51716e+06
2.225 -3.55623e+06
2.25 -3.59536e+06
2.275 -3.63455e+06
2.3 -3.67381e+06
2.325 -3.71311e+06
2.35 -3.75246e+06
2.375 -3.79186e+06
2.4 -3.83129e+06
2.425 -3.87076e+06
2.45 -3.91026e+06
2.475 -3.94979e+06
2.5 -3.98935e+06
2.525 -4.02893e+06
2.55 -4.06854e+06
2.575 -4.10816e+06
2.6 -4.14781e+06
2.625 -4.18747e+06
2.65 -4.22714e+06
2.675 -4.26683e+06
2.7 -4.30654e+06
2.725 -4.34625e+06
2.75 -4.38598e+06
2.775 -4.42572e+06
2.8 -4.46547e+06
2.825 -4.50522e+06
2.85 -4.54498e+06
2.875 -4.58475e+06
2.9 -4.62453e+06
2.925 -4.66432e+06
2.95 -4.70411e+06
2.975 -4.7439e+06
3 -4.7837e+06
3.025 -4.8235e+06
3.05 -4.86331e+06
3.075 -4.90312e+06
3.1 -4.94294e+06
3.125 -4.98276e+06
3.15 -5.02258e+06
3.175 -5.06113e+06
3.2 -5.10223e+06
3.225 -5.14206e+06
3.25 -5.18189e+06
3.275 -5.22172e+06
3.3 -5.26156e+06
3.325 -5.3014e+06
3.35 -5.34124e+06
3.375 -5.38108e+06
3.4 -5.42092e+06
3.425 -5.46076e+06
3.45 -5.5006e+06
3.475 -5.54045e+06
3.5 -5.58029e+06
3.525 -5.62014e+06
3.55 -5.65999e+06
3.575 -5.69984e+06
3.6 -5.73969e+06
3.625 -5.77954e+06
3.65 -5.81939e+06
3.675 -5.85924e+06
3.7 -5.89909e+06
3.725 -5.93894e+06
3.75 -5.97879e+06
3.775 -6.01864e+06
3.8 -6.0585e+06
3.825 -6.09835e+06
3.85 -6.13821e+06
3.875 -6.17806e+06
3.9 -6.21791e+06
3.925 -6.25777e+06
3.95 -6.29762e+06
3.975 -6.33748e+06
4 -6.37733e+06
