beta, lnZ, db=0.1
0.1 -194975.50363039962
0.2 -208575.51777694395
0.30000000000000004 -222507.51394393083
0.4 -236776.71099869284
0.5 -251390.5406507317
0.6 -266358.7859804988
0.7000000000000001 -281693.78073081496
0.8 -297410.68994003214
0.9 -313527.9040265625
1.0 -330067.59754385013
1.1 -347056.537372426
1.2000000000000002 -364527.2928908044
1.3 -382520.1106744958
1.4000000000000001 -401086.054229308
1.5 -420292.69705507666
1.6 -440236.18126114045
1.7000000000000002 -461074.727615138
1.8 -483232.47307893
1.9 -506773.79610997846
2.0 -531049.8936025574
2.1 -555808.8256173776
2.2 -580909.7467977674
2.3 -606261.7355833509
2.4 -631802.1660279139
2.5 -657486.220678555
2.5999999999999996 -683280.9956098886
2.7 -709161.8835310981
2.8 -735110.2221646889
2.9 -761111.7010869688
3.0 -787155.2487904574
