0.05 -424552
0.075 -425896
0.1 -427253
0.125 -428624
0.15 -430008
0.175 -431406
0.2 -432818
0.225 -434244
0.25 -435684
0.275 -437138
0.3 -438606
0.325 -440089
0.35 -441586
0.375 -443098
0.4 -444624
0.425 -446166
0.45 -447722
0.475 -449294
0.5 -450880
0.525 -452483
0.55 -454100
0.575 -455734
0.6 -457383
0.625 -459048
0.65 -460729
0.675 -462427
0.7 -464140
0.725 -465871
0.75 -467618
0.775 -469382
0.8 -471163
0.825 -472962
0.85 -474778
0.875 -476612
0.9 -478463
0.925 -480333
0.95 -482221
0.975 -484127
1 -486052
1.025 -487996
1.05 -489959
1.075 -491942
1.1 -493944
1.125 -495967
1.15 -498009
1.175 -500072
1.2 -502156
1.225 -504261
1.25 -506387
1.3 -510706
1.325 -512899
1.35 -515114
1.375 -517353
1.4 -519615
1.425 -521902
1.45 -524213
1.475 -526548
1.5 -528910
1.525 -531297
1.55 -533711
1.575 -536151
1.6 -538619
1.625 -541116
1.65 -543641
1.675 -546196
1.7 -548781
1.725 -551397
1.75 -554045
1.775 -556725
1.8 -559439
1.825 -562188
1.85 -564972
1.875 -567793
1.9 -570652
1.925 -573550
1.95 -576489
1.975 -579470
2 -582495
2.025 -585566
2.05 -588686
2.075 -591855
2.1 -595054
2.125 -598357
2.15 -601697
2.175 -605101
2.2 -608574
2.225 -612124
2.25 -615761
2.275 -619493
2.3 -623346
2.325 -627351
2.35 -631634
2.375 -636956
2.4 -642461
2.425 -648087
2.45 -653811
2.475 -659612
2.5 -665466
2.525 -671387
2.55 -677351
2.575 -683358
2.6 -689415
2.625 -695494
2.65 -701613
2.675 -707760
2.7 -713935
2.725 -720133
2.75 -726356
2.775 -732600
2.8 -738863
2.825 -745144
2.85 -751442
2.875 -757754
2.9 -764082
2.925 -770424
2.95 -776777
2.975 -783143
3 -789520
3.025 -795906
3.05 -802304
3.075 -808708
3.1 -815122
3.125 -821544
3.15 -827973
3.175 -834409
3.2 -840852
3.225 -847300
3.25 -853755
3.275 -860215
3.3 -866680
3.325 -873150
3.35 -879624
3.375 -886103
3.4 -892586
3.425 -899073
3.45 -905563
3.475 -912056
3.5 -918553
3.525 -925053
3.55 -931555
3.575 -938061
3.6 -944569
3.625 -951079
3.65 -957591
3.675 -964106
3.7 -970623
3.725 -977141
3.75 -983662
3.775 -990184
3.8 -996708
3.825 -1.00323e+06
3.85 -1.00976e+06
3.875 -1.01629e+06
3.9 -1.02282e+06
3.925 -1.02935e+06
3.95 -1.03588e+06
3.975 -1.04241e+06
4 -1.04895e+06
