0.05 -471906
0.075 -473027
0.1 -474160
0.125 -475305
0.15 -476461
0.175 -477629
0.2 -478809
0.225 -480002
0.25 -481207
0.275 -482424
0.3 -483654
0.325 -484896
0.35 -486151
0.375 -487419
0.4 -488699
0.425 -489993
0.45 -491300
0.475 -492620
0.5 -493954
0.525 -495301
0.55 -496661
0.575 -498036
0.6 -499424
0.625 -500827
0.65 -502243
0.675 -503674
0.7 -505120
0.725 -506580
0.75 -508054
0.775 -509544
0.8 -511049
0.825 -512568
0.85 -514104
0.875 -515654
0.9 -517221
0.925 -518803
0.95 -520402
0.975 -522016
1 -523647
1.025 -525295
1.05 -526959
1.075 -528641
1.1 -530340
1.125 -532056
1.15 -533790
1.175 -535542
1.2 -537312
1.225 -539100
1.25 -540907
1.275 -542733
1.3 -544578
1.325 -546443
1.35 -548328
1.375 -550232
1.4 -552157
1.425 -554103
1.45 -556070
1.475 -558058
1.5 -560069
1.525 -562101
1.55 -564156
1.575 -566234
1.6 -568335
1.625 -570461
1.65 -572611
1.675 -574785
1.7 -576986
1.725 -579212
1.75 -581465
1.775 -583745
1.8 -586052
1.825 -588389
1.85 -590754
1.875 -593150
1.9 -595576
1.925 -598035
1.95 -600525
1.975 -603050
2 -605609
2.025 -608204
2.05 -610836
2.075 -613506
2.1 -616217
2.125 -618968
2.15 -621764
2.175 -624604
2.2 -627493
2.225 -630431
2.25 -633423
2.275 -636471
2.3 -639579
2.35 -646000
2.375 -649326
2.4 -652744
2.425 -656270
2.45 -659938
2.475 -663972
2.5 -669301
2.525 -674835
2.55 -680476
2.575 -686222
2.6 -692033
2.625 -697913
2.675 -709830
2.7 -715856
2.725 -721920
2.75 -728022
2.775 -734153
2.8 -740314
2.825 -746501
2.85 -752711
2.875 -758945
2.9 -765198
2.925 -771471
2.95 -777761
2.975 -784067
3 -790389
3.025 -796724
3.05 -803073
3.075 -809433
3.1 -815805
3.125 -822188
3.15 -828580
3.175 -834982
3.2 -841392
3.225 -847811
3.25 -854237
3.275 -860670
3.3 -867110
3.325 -873556
3.35 -880009
3.375 -886467
3.4 -892930
3.425 -899398
3.45 -905870
3.475 -912347
3.5 -918829
3.525 -925314
3.55 -931803
3.575 -938295
3.6 -944790
3.625 -951289
3.65 -957790
3.675 -964295
3.7 -970801
3.725 -977311
3.75 -983822
3.775 -990336
3.8 -996852
3.825 -1.00337e+06
3.85 -1.00989e+06
3.875 -1.01641e+06
3.9 -1.02293e+06
3.925 -1.02946e+06
3.95 -1.03599e+06
3.975 -1.04251e+06
4 -1.04904e+06
