beta, lnZ, db=0.1
0.1 -427253.2926491505
0.2 -432818.2803683904
0.30000000000000004 -438606.24142913683
0.4 -444624.3839896322
0.5 -450880.43373707944
0.6 -457382.74740508373
0.7000000000000001 -464140.4477596441
0.8 -471163.5845874787
0.9 -478463.32741762797
1.0 -486052.1997978158
1.1 -493944.35925322
1.2000000000000002 -502155.95736381237
1.3 -510705.5625063503
1.4000000000000001 -519614.7513157033
1.5 -528908.7898288276
1.6 -538617.7406005528
1.7000000000000002 -548777.936531195
1.8 -559434.1051546035
1.9 -570643.2909737921
2.0 -582481.1257118649
2.1 -595054.8096138573
2.2 -608536.4843796862
2.3 -623286.0206317567
2.4 -642488.2139118564
2.5 -665473.0972123096
2.5999999999999996 -689414.8971316037
2.7 -713938.0929107822
2.8 -738863.8917739751
2.9 -764083.0543767285
3.0 -789519.9906002217
