0.05 -3.01278e+06
0.1 -3.11961e+06
0.15 -3.22775e+06
0.2 -3.33721e+06
0.25 -3.448e+06
0.3 -3.56012e+06
0.35 -3.67359e+06
0.4 -3.78843e+06
0.45 -3.90464e+06
0.5 -4.02225e+06
0.55 -4.14127e+06
0.6 -4.26174e+06
0.65 -4.38367e+06
0.7 -4.5071e+06
0.75 -4.63205e+06
0.8 -4.75857e+06
0.85 -4.88668e+06
0.9 -5.01644e+06
0.95 -5.14789e+06
1 -5.28108e+06
1.05 -5.41606e+06
1.1 -5.5529e+06
1.15 -5.69166e+06
1.2 -5.83243e+06
1.25 -5.97528e+06
1.3 -6.12031e+06
1.35 -6.26763e+06
1.4 -6.41736e+06
1.45 -6.56965e+06
1.5 -6.72467e+06
1.55 -6.88262e+06
1.6 -7.04376e+06
1.65 -7.20845e+06
1.7 -7.37717e+06
1.75 -7.55085e+06
1.8 -7.73171e+06
1.85 -7.91818e+06
1.9 -8.10837e+06
1.95 -8.30143e+06
2 -8.49679e+06
2.05 -8.69406e+06
2.1 -8.89293e+06
2.15 -9.09316e+06
2.2 -9.29455e+06
2.25 -9.49693e+06
2.3 -9.70018e+06
2.35 -9.90418e+06
2.4 -1.01088e+07
2.45 -1.03141e+07
2.5 -1.05198e+07
2.55 -1.07259e+07
2.6 -1.09325e+07
2.65 -1.11394e+07
2.7 -1.13466e+07
2.75 -1.15541e+07
2.8 -1.17618e+07
2.85 -1.19697e+07
2.9 -1.21778e+07
2.95 -1.23861e+07
3 -1.25945e+07
3.05 -1.2803e+07
3.1 -1.30117e+07
3.15 -1.32205e+07
3.2 -1.34294e+07
3.25 -1.36383e+07
3.3 -1.38474e+07
3.35 -1.40565e+07
3.4 -1.42656e+07
3.45 -1.44749e+07
3.5 -1.46841e+07
3.55 -1.48935e+07
3.6 -1.51028e+07
3.65 -1.53122e+07
3.7 -1.55216e+07
3.75 -1.57311e+07
3.8 -1.59406e+07
3.85 -1.61501e+07
3.9 -1.63596e+07
3.95 -1.65691e+07
4 -1.67787e+07
