0.05 -471906
0.075 -473027
0.1 -474160
0.125 -475305
0.15 -476461
0.175 -477629
0.2 -478809
0.225 -480002
0.25 -481207
0.275 -482424
0.3 -483654
0.325 -484896
0.35 -486151
0.375 -487419
0.4 -488699
0.425 -489993
0.45 -491300
0.475 -492620
0.5 -493954
0.525 -495301
0.55 -496661
0.575 -498036
0.6 -499424
0.625 -500827
0.65 -502243
0.675 -503674
0.7 -505120
0.725 -506580
0.75 -508054
0.775 -509544
0.8 -511049
0.825 -512568
0.85 -514104
0.875 -515654
0.9 -517221
0.925 -518803
0.95 -520402
0.975 -522016
1 -523647
1.025 -525295
1.05 -526959
1.075 -528641
1.1 -530340
1.125 -532056
1.15 -533790
1.175 -535542
1.2 -537312
1.225 -539100
1.25 -540907
1.275 -542733
1.3 -544579
1.325 -546444
1.35 -548328
1.375 -550233
1.4 -552158
1.425 -554104
1.45 -556071
1.475 -558060
1.5 -560070
1.525 -562103
1.55 -564158
1.575 -566236
1.6 -568338
1.625 -570464
1.65 -572614
1.675 -574789
1.7 -576990
1.725 -579217
1.75 -581471
1.775 -583752
1.8 -586060
1.825 -588398
1.85 -590765
1.875 -593162
1.9 -595590
1.925 -598050
1.95 -600543
1.975 -603070
2 -605632
2.025 -608230
2.05 -610866
2.075 -613540
2.1 -616255
2.125 -619012
2.15 -621813
2.175 -624660
2.2 -627556
2.225 -630503
2.25 -633504
2.275 -636563
2.3 -639684
2.325 -642872
2.35 -646134
2.375 -649480
2.4 -652918
2.425 -656468
2.45 -660162
2.475 -664075
2.5 -669212
2.525 -674751
2.55 -680423
2.575 -686183
2.6 -691991
2.625 -697881
2.65 -703818
2.675 -709804
2.7 -715837
2.725 -721906
2.75 -728010
2.775 -734143
2.8 -740304
2.825 -746493
2.85 -752705
2.875 -758939
2.9 -765193
2.925 -771467
2.95 -777757
2.975 -784064
3 -790386
3.025 -796722
3.05 -803071
3.075 -809431
3.1 -815804
3.125 -822186
3.15 -828579
3.175 -834981
3.2 -841391
3.225 -847810
3.25 -854236
3.275 -860670
3.3 -867110
3.325 -873556
3.35 -880008
3.375 -886466
3.4 -892929
3.425 -899398
3.45 -905870
3.475 -912347
3.5 -918829
3.525 -925314
3.55 -931802
3.575 -938295
3.6 -944790
3.625 -951289
3.65 -957790
3.675 -964295
3.7 -970801
3.725 -977311
3.75 -983822
3.775 -990336
3.8 -996852
3.825 -1.00337e+06
3.85 -1.00989e+06
3.875 -1.01641e+06
3.9 -1.02293e+06
3.925 -1.02946e+06
3.95 -1.03599e+06
3.975 -1.04251e+06
4 -1.04904e+06
