0.05 nan
0.075 -294630
0.1 -296879
0.125 -299147
0.15 -301432
0.175 -303737
0.2 -306060
0.225 -308403
0.25 -310764
0.275 -313145
0.3 -315544
0.325 -317963
0.35 -320402
0.375 -322860
0.4 -325338
0.425 -327836
0.45 -330354
0.475 -332892
0.5 -335450
0.55 -340629
0.575 -343249
0.6 -345891
0.625 -348553
0.65 -351237
0.675 -353943
0.7 -356671
0.725 -359420
0.75 -362192
0.775 -364987
0.8 -367804
0.825 -370644
0.85 -373508
0.875 -376395
0.9 -379307
0.925 -382242
0.95 -385202
0.975 -388187
1 -391197
1.025 -394233
1.05 -397295
1.075 -400383
1.1 -403498
1.125 -406640
1.15 -409810
1.175 -413008
1.2 -416235
1.225 -419491
1.25 -422777
1.275 -426093
1.3 -429441
1.325 -432820
1.35 -436231
1.375 -439675
1.4 -443154
1.425 -446666
1.45 -450215
1.475 -453800
1.5 -457422
1.525 -461083
1.55 -464783
1.575 -468524
1.6 -472308
1.625 -476135
1.65 -480007
1.675 -483926
1.7 -487894
1.725 -491913
1.75 -495985
1.775 -500113
1.8 -504300
1.825 -508549
1.85 -512865
1.875 -517253
1.9 -521719
1.925 -526272
1.95 -530916
1.975 -535677
2 -540590
2.025 -545825
2.05 -551278
2.075 -556858
2.1 -562535
2.125 -568293
2.15 -574119
2.175 -580004
2.2 -585942
2.225 -591926
2.25 -597952
2.275 -604016
2.3 -610114
2.325 -616243
2.35 -622401
2.375 -628585
2.4 -634793
2.425 -641023
2.45 -647274
2.475 -653543
2.5 -659831
2.525 -666134
2.55 -672453
2.575 -678786
2.6 -685132
2.625 -691491
2.65 -697860
2.675 -704241
2.7 -710632
2.725 -717032
2.75 -723441
2.775 -729858
2.8 -736283
2.825 -742715
2.85 -749154
2.875 -755599
2.9 -762050
2.925 -768507
2.95 -774970
2.975 -781437
3 -787909
3.025 -794385
3.05 -800866
3.075 -807351
3.1 -813839
3.125 -820331
3.15 -826826
3.175 -833324
3.2 -839825
3.225 -846329
3.25 -852836
3.275 -859345
3.3 -865857
3.325 -872370
3.35 -878886
3.375 -885404
3.4 -891923
3.425 -898445
3.45 -904968
3.475 -911492
3.5 -918019
3.525 -924546
3.55 -931075
3.575 -937605
3.6 -944137
3.625 -950669
3.65 -957203
3.675 -963737
3.7 -970273
3.725 -976810
3.75 -983347
3.775 -989885
3.8 -996424
3.825 -1.00296e+06
3.85 -1.0095e+06
3.875 -1.01605e+06
3.9 -1.02259e+06
3.925 -1.02913e+06
3.95 -1.03567e+06
3.975 -1.04222e+06
4 -1.04876e+06
