0.05 -366716
0.075 -368394
0.1 -370086
0.125 -371795
0.15 -373519
0.175 -375260
0.2 -377016
0.225 -378789
0.25 -380577
0.275 -382383
0.3 -384205
0.325 -386043
0.35 -387898
0.375 -389771
0.4 -391660
0.425 -393566
0.45 -395490
0.475 -397431
0.5 -399390
0.525 -401366
0.55 -403360
0.575 -405373
0.6 -407403
0.625 -409452
0.65 -411520
0.675 -413606
0.7 -415711
0.725 -417835
0.75 -419979
0.775 -422142
0.8 -424324
0.825 -426527
0.85 -428749
0.875 -430993
0.9 -433256
0.925 -435541
0.95 -437846
0.975 -440173
1 -442522
1.025 -444892
1.05 -447285
1.075 -449701
1.1 -452139
1.125 -454600
1.15 -457085
1.175 -459594
1.2 -462127
1.225 -464685
1.25 -467268
1.275 -469876
1.3 -472511
1.325 -475172
1.35 -477860
1.375 -480575
1.4 -483318
1.425 -486090
1.45 -488891
1.475 -491722
1.5 -494583
1.525 -497476
1.55 -500400
1.575 -503358
1.6 -506348
1.625 -509374
1.65 -512434
1.675 -515531
1.7 -518666
1.725 -521839
1.75 -525053
1.775 -528307
1.8 -531605
1.825 -534947
1.85 -538336
1.875 -541773
1.9 -545260
1.925 -548801
1.95 -552398
1.975 -556054
2 -559772
2.025 -563559
2.05 -567419
2.075 -571358
2.1 -575386
2.125 -579515
2.15 -583761
2.175 -588154
2.2 -592775
2.225 -598031
2.25 -603496
2.275 -609096
2.3 -614768
2.325 -620532
2.35 -626400
2.375 -632290
2.4 -638222
2.425 -644220
2.45 -650257
2.475 -656329
2.5 -662434
2.525 -668582
2.55 -674738
2.575 -680936
2.6 -687149
2.625 -693385
2.65 -699638
2.675 -705919
2.7 -712207
2.725 -718517
2.75 -724838
2.775 -731175
2.8 -737524
2.825 -743887
2.85 -750259
2.875 -756642
2.9 -763035
2.925 -769438
2.95 -775848
2.975 -782267
3 -788694
3.025 -795128
3.05 -801568
3.075 -808015
3.1 -814467
3.125 -820925
3.15 -827388
3.175 -833857
3.2 -840330
3.225 -846807
3.25 -853288
3.275 -859773
3.3 -866262
3.325 -872755
3.35 -879250
3.375 -885749
3.4 -892251
3.425 -898755
3.45 -905262
3.475 -911771
3.5 -918283
3.525 -924797
3.55 -931313
3.575 -937831
3.6 -944351
3.625 -950872
3.65 -957395
3.675 -963920
3.7 -970447
3.725 -976974
3.75 -983503
3.775 -990034
3.8 -996565
3.825 -1.0031e+06
3.85 -1.00963e+06
3.875 -1.01617e+06
3.9 -1.0227e+06
3.925 -1.02924e+06
3.95 -1.03578e+06
3.975 -1.04231e+06
4 -1.04885e+06
