beta, lnZ, db=0.1
0.1 -296879.23270338826
0.2 -306060.4395679829
0.30000000000000004 -315544.375172846
0.4 -325338.2190518567
0.5 -335450.38219434005
0.6 -345890.72156438127
0.7000000000000001 -356670.7914894936
0.8 -367804.1446907028
0.9 -379306.7014773326
1.0 -391197.21468534484
1.1 -403497.87049277767
1.2000000000000002 -416235.09907574765
1.3 -429440.70311524963
1.4000000000000001 -443153.4902456399
1.5 -457421.78290244157
1.6 -472307.5303736747
1.7000000000000002 -487893.6671935252
1.8 -504299.0363145277
1.9 -521716.7590212775
2.0 -540591.8348321859
2.1 -562526.6792889381
2.2 -585934.7497579705
2.3 -610108.2247135506
2.4 -634788.4133085612
2.5 -659827.460999104
2.5999999999999996 -685129.9519560346
2.7 -710630.3073345533
2.8 -736281.6658762352
2.9 -762049.6371346869
3.0 -787908.4881021968
