beta, lnZ, db=0.1
0.1 -474160.1065317938
0.2 -478809.47955978336
0.30000000000000004 -483653.5807274417
0.4 -488699.2066510111
0.5 -493953.54997038195
0.6 -499424.2796757532
0.7000000000000001 -505119.6373146222
0.8 -511048.55186626804
0.9 -517220.77779985336
1.0 -523647.0587274141
1.1 -530339.3241808988
1.2000000000000002 -537310.9411716763
1.3 -544576.9999711699
1.4000000000000001 -552154.6981695995
1.5 -560063.8016401494
1.6 -568327.2418306335
1.7000000000000002 -576972.1449579399
1.8 -586030.732064574
1.9 -595542.631591067
2.0 -605557.3472920503
2.1 -616139.690310783
2.2 -627377.1465360601
2.3 -639417.4298162507
2.4 -652516.1784663002
2.5 -669282.1006998256
2.5999999999999996 -692030.896601782
2.7 -715854.9490526755
2.8 -740313.2333948528
2.9 -765198.3566288161
3.0 -790388.4685466631
