beta, lnZ, db=0.1
0.1 -370086.2727038879
0.2 -377015.95569162624
0.30000000000000004 -384204.6494750589
0.4 -391659.81514679256
0.5 -399389.66212939605
0.6 -407403.309932826
0.7000000000000001 -415710.9782695259
0.8 -424324.21282736445
0.9 -433256.15680674167
1.0 -442521.8825063235
1.1 -452138.8037692214
1.2000000000000002 -462127.2009275066
1.3 -472510.90892282943
1.4000000000000001 -483318.2538900553
1.5 -494583.38581599167
1.6 -506348.2648630812
1.7000000000000002 -518665.76987994264
1.8 -531604.9055731508
1.9 -545260.4877344659
2.0 -559773.9068686368
2.1 -575389.7378569942
2.2 -592735.7135153238
2.3 -614647.1418188661
2.4 -638171.6828564262
2.5 -662413.4700567193
2.5999999999999996 -687135.5290258151
2.7 -712201.7130804588
2.8 -737521.7102514505
2.9 -763033.8063337788
3.0 -788693.1490101585
