0.05 -22.9857 -22.9866 -22.9866 -22.9866 -22.9866 -22.9866 -22.9866 
0.075 -23.3919 -23.3941 -23.3941 -23.3941 -23.3941 -23.3941 -23.3941 
0.1 -23.8007 -23.8045 -23.8045 -23.8045 -23.8045 -23.8045 -23.8045 
0.125 -24.2119 -24.2178 -24.2178 -24.2178 -24.2178 -24.2178 -24.2178 
0.15 -24.6256 -24.6342 -24.6342 -24.6342 -24.6342 -24.6342 -24.6342 
0.175 -25.0418 -25.0535 -25.0535 -25.0535 -25.0535 -25.0535 -25.0535 
0.2 -25.4605 -25.4759 -25.4758 -25.4758 -25.4758 -25.4758 -25.4758 
0.225 -25.8817 -25.9012 -25.9011 -25.9011 -25.9011 -25.9011 -25.9011 
0.25 -26.3054 -26.3295 -26.3295 -26.3295 -26.3295 -26.3295 -26.3295 
0.275 -26.7315 -26.7609 -26.7608 -26.7608 -26.7608 -26.7608 -26.7608 
0.3 -27.1602 -27.1952 -27.1951 -27.1951 -27.1951 -27.1951 -27.1951 
0.325 -27.5913 -27.6326 -27.6325 -27.6325 -27.6325 -27.6325 -27.6325 
0.35 -28.0249 -28.0731 -28.0728 -28.0728 -28.0728 -28.0728 -28.0728 
0.375 -28.4611 -28.5166 -28.5163 -28.5163 -28.5163 -28.5163 -28.5163 
0.4 -28.8997 -28.9631 -28.9627 -28.9627 -28.9627 -28.9627 -28.9627 
0.425 -29.3408 -29.4128 -29.4123 -29.4123 -29.4123 -29.4123 -29.4123 
0.45 -29.7844 -29.8655 -29.8649 -29.8649 -29.8649 -29.8649 -29.8649 
0.475 -30.2304 -30.3213 -30.3206 -30.3206 -30.3206 -30.3206 -30.3206 
0.5 -30.679 -30.7803 -30.7793 -30.7793 -30.7793 -30.7793 -30.7793 
0.525 -31.1301 -31.2424 -31.2412 -31.2412 -31.2412 -31.2412 -31.2412 
0.55 -31.5837 -31.7076 -31.7062 -31.7062 -31.7062 -31.7062 -31.7062 
0.575 -32.0398 -32.1761 -32.1744 -32.1744 -32.1744 -32.1744 -32.1744 
0.6 -32.4984 -32.6476 -32.6456 -32.6456 -32.6456 -32.6456 -32.6456 
0.625 -32.9595 -33.1224 -33.1201 -33.1201 -33.1201 -33.1201 -33.1201 
0.65 -33.4232 -33.6004 -33.5977 -33.5977 -33.5977 -33.5977 -33.5977 
0.675 -33.8894 -34.0816 -34.0785 -34.0785 -34.0785 -34.0785 -34.0785 
0.7 -34.3581 -34.5661 -34.5625 -34.5625 -34.5625 -34.5625 -34.5625 
0.725 -34.8294 -35.0538 -35.0497 -35.0497 -35.0497 -35.0497 -35.0497 
0.75 -35.3033 -35.5448 -35.5401 -35.5402 -35.5402 -35.5402 -35.5402 
0.775 -35.7798 -36.039 -36.0338 -36.0338 -36.0338 -36.0338 -36.0338 
0.8 -36.259 -36.5366 -36.5308 -36.5308 -36.5308 -36.5308 -36.5308 
0.825 -36.7408 -37.0374 -37.032 -37.031 -37.031 -37.031 -37.031 
0.85 -37.2254 -37.5416 -37.5356 -37.5345 -37.5345 -37.5345 -37.5345 
0.875 -37.7126 -38.049 -38.0425 -38.0413 -38.0413 -38.0413 -38.0413 
0.9 -38.2027 -38.5598 -38.5526 -38.5514 -38.5514 -38.5514 -38.5514 
0.925 -38.6956 -39.074 -39.0662 -39.0649 -39.0649 -39.0649 -39.0649 
0.95 -39.1915 -39.5915 -39.583 -39.5817 -39.5817 -39.5817 -39.5817 
0.975 -39.6904 -40.1123 -40.1033 -40.1019 -40.1019 -40.1019 -40.1019 
1 -40.1924 -40.6366 -40.627 -40.6255 -40.6255 -40.6255 -40.6255 
1.025 -40.6976 -41.1642 -41.154 -41.1526 -41.1526 -41.1526 -41.1526 
1.05 -41.2062 -41.6952 -41.6846 -41.6831 -41.6831 -41.6831 -41.6831 
1.075 -41.7182 -42.2296 -42.2186 -42.2172 -42.2172 -42.2172 -42.2172 
1.1 -42.234 -42.7675 -42.7562 -42.7548 -42.7548 -42.7548 -42.7548 
1.125 -42.7535 -43.3089 -43.2974 -43.296 -43.296 -43.296 -43.296 
1.15 -43.2772 -43.8538 -43.8423 -43.8409 -43.8409 -43.8409 -43.8409 
1.175 -43.8052 -44.4023 -44.3908 -44.3895 -44.3895 -44.3895 -44.3895 
1.2 -44.3377 -44.9545 -44.9432 -44.9419 -44.9419 -44.9419 -44.9419 
1.225 -44.8752 -45.5103 -45.4994 -45.4983 -45.4983 -45.4983 -45.4983 
1.25 -45.4178 -46.07 -46.0597 -46.0586 -46.0586 -46.0587 -46.0587 
1.275 -45.966 -46.6336 -46.6241 -46.6243 -46.6231 -46.6232 -46.6232 
1.3 -46.5202 -47.2012 -47.1927 -47.193 -47.1919 -47.1919 -47.1919 
1.325 -47.0807 -47.7731 -47.7657 -47.7661 -47.7651 -47.7651 -47.7651 
1.35 -47.6479 -48.3493 -48.3432 -48.3437 -48.3428 -48.3428 -48.3428 
1.375 -48.2223 -48.93 -48.9255 -48.926 -48.9253 -48.9253 -48.9253 
1.4 -48.8042 -49.5154 -49.5126 -49.5133 -49.5127 -49.5127 -49.5127 
1.425 -49.394 -50.1058 -50.1049 -50.1056 -50.1052 -50.1052 -50.1052 
1.45 -49.9921 -50.7013 -50.7024 -50.7033 -50.703 -50.703 -50.703 
1.475 -50.5987 -51.3022 -51.3055 -51.3064 -51.3063 -51.3063 -51.3063 
1.5 -51.2141 -51.9087 -51.9142 -51.9153 -51.9153 -51.9153 -51.9153 
1.525 -51.8385 -52.5209 -52.5288 -52.53 -52.5302 -52.5302 -52.5302 
1.55 -52.4718 -53.1392 -53.1495 -53.1509 -53.1512 -53.1512 -53.1512 
1.575 -53.1143 -53.7638 -53.7765 -53.7779 -53.7784 -53.7784 -53.7784 
1.6 -53.7656 -54.3947 -54.4099 -54.4114 -54.412 -54.412 -54.412 
1.625 -54.4258 -55.0322 -55.0498 -55.0514 -55.0521 -55.0521 -55.0521 
1.65 -55.0946 -55.6764 -55.6963 -55.698 -55.6989 -55.6988 -55.6988 
1.675 -55.7717 -56.3273 -56.3495 -56.3513 -56.3523 -56.3522 -56.3522 
1.7 -56.4568 -56.985 -57.0094 -57.0112 -57.0123 -57.0122 -57.0122 
1.725 -57.1495 -57.6496 -57.676 -57.6779 -57.6791 -57.679 -57.679 
1.75 -57.8493 -58.321 -58.3492 -58.3512 -58.3524 -58.3523 -58.3523 
1.775 -58.5559 -58.9991 -59.029 -59.031 -59.0323 -59.0322 -59.0322 
1.8 -59.2689 -59.6838 -59.7153 -59.7173 -59.7186 -59.7185 -59.7185 
1.825 -59.9878 -60.3751 -60.4079 -60.4098 -60.4112 -60.4111 -60.4111 
1.85 -60.7122 -61.0726 -61.1066 -61.1085 -61.1099 -61.1097 -61.1097 
1.875 -61.4417 -61.7762 -61.8112 -61.813 -61.8144 -61.8143 -61.8143 
1.9 -62.176 -62.4857 -62.5214 -62.5233 -62.5247 -62.5245 -62.5245 
1.925 -62.9146 -63.2008 -63.2372 -63.2389 -63.2403 -63.2402 -63.2402 
1.95 -63.6574 -63.9212 -63.9581 -63.9598 -63.9612 -63.961 -63.961 
1.975 -64.4039 -64.6468 -64.684 -64.6856 -64.6869 -64.6867 -64.6867 
2 -65.1538 -65.3772 -65.4145 -65.4161 -65.4174 -65.4172 -65.4172 
2.025 -65.907 -66.1122 -66.1495 -66.151 -66.1522 -66.152 -66.152 
2.05 -66.6632 -66.8515 -66.8886 -66.89 -66.8912 -66.891 -66.891 
2.075 -67.4222 -67.5948 -67.6317 -67.633 -67.6341 -67.634 -67.634 
2.1 -68.1837 -68.3419 -68.3784 -68.3796 -68.3807 -68.3805 -68.3805 
2.125 -68.9476 -69.0925 -69.1286 -69.1297 -69.1307 -69.1306 -69.1306 
2.15 -69.7137 -69.8465 -69.8819 -69.883 -69.884 -69.8838 -69.8838 
2.175 -70.4819 -70.6035 -70.6383 -70.6393 -70.6402 -70.6401 -70.6401 
2.2 -71.2521 -71.3633 -71.3975 -71.3984 -71.3993 -71.3991 -71.3991 
2.225 -72.024 -72.1259 -72.1593 -72.1601 -72.1609 -72.1608 -72.1608 
2.25 -72.7975 -72.8909 -72.9235 -72.9243 -72.925 -72.9249 -72.9249 
2.275 -73.5727 -73.6582 -73.69 -73.6907 -73.6914 -73.6913 -73.6913 
2.3 -74.3493 -74.4276 -74.4586 -74.4592 -74.4599 -74.4598 -74.4598 
2.325 -75.1273 -75.1991 -75.2292 -75.2298 -75.2304 -75.2303 -75.2303 
2.35 -75.9065 -75.9724 -76.0016 -76.0021 -76.0027 -76.0026 -76.0026 
2.375 -76.687 -76.7474 -76.7757 -76.7762 -76.7767 -76.7766 -76.7766 
2.4 -77.4685 -77.524 -77.5514 -77.5519 -77.5524 -77.5523 -77.5523 
2.425 -78.2511 -78.3021 -78.3286 -78.329 -78.3295 -78.3294 -78.3294 
2.45 -79.0347 -79.0816 -79.1072 -79.1076 -79.108 -79.1079 -79.1079 
2.475 -79.8193 -79.8624 -79.8871 -79.8874 -79.8878 -79.8877 -79.8877 
2.5 -80.6047 -80.6443 -80.6682 -80.6685 -80.6688 -80.6688 -80.6688 
2.525 -81.3909 -81.4274 -81.4504 -81.4507 -81.451 -81.4509 -81.4509 
2.55 -82.1779 -82.2115 -82.2336 -82.2339 -82.2342 -82.2341 -82.2341 
2.575 -82.9656 -82.9966 -83.0179 -83.0181 -83.0184 -83.0183 -83.0183 
2.6 -83.754 -83.7826 -83.8031 -83.8033 -83.8035 -83.8035 -83.8035 
2.625 -84.543 -84.5694 -84.5891 -84.5893 -84.5895 -84.5895 -84.5895 
2.65 -85.3327 -85.3571 -85.376 -85.3761 -85.3763 -85.3763 -85.3763 
2.675 -86.1229 -86.1454 -86.1636 -86.1637 -86.1639 -86.1639 -86.1639 
2.7 -86.9136 -86.9345 -86.9519 -86.952 -86.9522 -86.9521 -86.9521 
2.725 -87.7049 -87.7242 -87.7408 -87.741 -87.7411 -87.7411 -87.7411 
2.75 -88.4966 -88.5145 -88.5304 -88.5306 -88.5307 -88.5307 -88.5307 
2.775 -89.2888 -89.3053 -89.3206 -89.3207 -89.3209 -89.3208 -89.3208 
2.8 -90.0813 -90.0967 -90.1114 -90.1115 -90.1116 -90.1116 -90.1116 
2.825 -90.8743 -90.8886 -90.9026 -90.9027 -90.9028 -90.9028 -90.9028 
2.85 -91.6677 -91.6809 -91.6944 -91.6944 -91.6945 -91.6945 -91.6945 
2.875 -92.4614 -92.4737 -92.4866 -92.4866 -92.4867 -92.4867 -92.4867 
2.9 -93.2555 -93.2669 -93.2792 -93.2792 -93.2793 -93.2793 -93.2793 
2.925 -94.0498 -94.0604 -94.0722 -94.0723 -94.0723 -94.0723 -94.0723 
2.95 -94.8445 -94.8544 -94.8656 -94.8657 -94.8658 -94.8657 -94.8657 
2.975 -95.6395 -95.6487 -95.6594 -95.6594 -95.6595 -95.6595 -95.6595 
3 -96.4347 -96.4432 -96.4535 -96.4536 -96.4536 -96.4536 -96.4536 
3.025 -97.2302 -97.2381 -97.2479 -97.248 -97.248 -97.248 -97.248 
3.05 -98.0259 -98.0333 -98.0427 -98.0427 -98.0428 -98.0427 -98.0427 
3.075 -98.8218 -98.8287 -98.8377 -98.8377 -98.8378 -98.8377 -98.8377 
3.1 -99.618 -99.6244 -99.633 -99.633 -99.633 -99.633 -99.633 
3.125 -100.414 -100.42 -100.429 -100.429 -100.429 -100.429 -100.429 
3.15 -101.211 -101.216 -101.224 -101.224 -101.224 -101.224 -101.224 
3.175 -102.008 -102.013 -102.02 -102.02 -102.02 -102.02 -102.02 
3.2 -102.804 -102.809 -102.816 -102.816 -102.817 -102.817 -102.817 
3.225 -103.602 -103.606 -103.613 -103.613 -103.613 -103.613 -103.613 
3.25 -104.399 -104.403 -104.409 -104.41 -104.41 -104.41 -104.41 
3.275 -105.196 -105.2 -105.206 -105.206 -105.206 -105.206 -105.206 
3.3 -105.994 -105.997 -106.003 -106.003 -106.003 -106.003 -106.003 
3.325 -106.791 -106.795 -106.8 -106.8 -106.8 -106.8 -106.8 
3.35 -107.589 -107.592 -107.598 -107.598 -107.598 -107.598 -107.598 
3.375 -108.387 -108.39 -108.395 -108.395 -108.395 -108.395 -108.395 
3.4 -109.185 -109.188 -109.193 -109.193 -109.193 -109.193 -109.193 
3.425 -109.983 -109.986 -109.99 -109.99 -109.99 -109.99 -109.99 
3.45 -110.781 -110.784 -110.788 -110.788 -110.788 -110.788 -110.788 
3.475 -111.579 -111.582 -111.586 -111.586 -111.586 -111.586 -111.586 
3.5 -112.378 -112.38 -112.384 -112.384 -112.384 -112.384 -112.384 
3.525 -113.176 -113.178 -113.182 -113.182 -113.182 -113.182 -113.182 
3.55 -113.975 -113.977 -113.98 -113.98 -113.98 -113.98 -113.98 
3.575 -114.773 -114.775 -114.779 -114.779 -114.779 -114.779 -114.779 
3.6 -115.572 -115.574 -115.577 -115.577 -115.577 -115.577 -115.577 
3.625 -116.371 -116.372 -116.375 -116.375 -116.375 -116.375 -116.375 
3.65 -117.169 -117.171 -117.174 -117.174 -117.174 -117.174 -117.174 
3.675 -117.968 -117.97 -117.973 -117.973 -117.973 -117.973 -117.973 
3.7 -118.767 -118.769 -118.771 -118.771 -118.771 -118.771 -118.771 
3.725 -119.566 -119.567 -119.57 -119.57 -119.57 -119.57 -119.57 
3.75 -120.365 -120.366 -120.369 -120.369 -120.369 -120.369 -120.369 
3.775 -121.164 -121.165 -121.168 -121.168 -121.168 -121.168 -121.168 
3.8 -121.963 -121.964 -121.967 -121.967 -121.967 -121.967 -121.967 
3.825 -122.763 -122.764 -122.766 -122.766 -122.766 -122.766 -122.766 
3.85 -123.562 -123.563 -123.565 -123.565 -123.565 -123.565 -123.565 
3.875 -124.361 -124.362 -124.364 -124.364 -124.364 -124.364 -124.364 
3.9 -125.16 -125.161 -125.163 -125.163 -125.163 -125.163 -125.163 
3.925 -125.96 -125.96 -125.962 -125.962 -125.962 -125.962 -125.962 
3.95 -126.759 -126.76 -126.761 -126.761 -126.761 -126.761 -126.761 
3.975 -127.558 -127.559 -127.561 -127.561 -127.561 -127.561 -127.561 
4 -128.358 -128.358 -128.36 -128.36 -128.36 -128.36 -128.36 
