0.05 -2942.17 -2942.17 -2942.17 -2942.17 -2942.17 -2942.17 -2942.17 
0.075 -2994.17 -2994.17 -2994.17 nan -2994.17 -2994.17 -2994.17 
0.1 -3046.49 -3046.5 -3046.5 -3046.5 -3046.5 -3046.5 -3046.5 
0.125 -3099.13 -3099.14 nan nan -3099.14 -3099.14 -3099.14 
0.15 -3152.09 -3152.11 -3152.11 -3152.11 -3152.11 -3152.11 -3152.11 
0.175 -3205.37 -3205.39 -3205.39 -3205.39 -3205.39 -3205.39 -3205.39 
0.2 -3258.97 -3259.01 -3259.01 nan -3259.01 -3259.01 -3259.01 
0.225 -3312.89 -3312.94 -3312.94 -3312.94 -3312.94 -3312.94 -3312.94 
0.25 -3367.14 -3367.21 -3367.21 -3367.21 -3367.21 -3367.21 -3367.21 
0.275 -3421.7 -3421.8 -3421.8 -3421.8 -3421.8 -3421.8 -3421.8 
0.3 -3476.58 -3476.71 -3476.71 -3476.71 -3476.71 -3476.71 -3476.71 
0.325 -3531.79 -3531.96 -3531.96 -3531.96 -3531.96 -3531.96 -3531.96 
0.35 -3587.31 -3587.54 -3587.54 -3587.54 -3587.54 -3587.54 -3587.54 
0.375 -3643.16 -3643.45 -3643.45 -3643.45 -3643.45 -3643.45 -3643.45 
0.4 -3699.33 -3699.7 -3699.7 -3699.7 -3699.7 -3699.7 -3699.7 
0.425 -3755.82 -3756.28 -3756.28 -3756.28 -3756.28 -3756.28 -3756.28 
0.45 -3812.63 -3813.2 -3813.2 -3813.2 -3813.2 -3813.2 -3813.2 
0.475 -3869.76 -3870.46 -3870.46 -3870.46 -3870.46 -3870.46 -3870.46 
0.5 -3927.22 -3928.07 -3928.07 -3928.07 -3928.07 -3928.07 -3928.07 
0.525 -3985.01 -3986.02 -3986.02 -3986.02 -3986.02 -3986.02 nan 
0.55 -4043.11 -4044.33 -4044.33 -4044.33 -4044.33 -4044.33 -4044.33 
0.575 -4101.55 -4102.98 -4102.98 -4102.98 -4102.98 -4102.98 -4102.98 
0.6 -4160.31 -4161.99 -4161.99 -4161.99 -4161.99 -4161.99 -4161.99 
0.625 -4219.39 -4221.36 -4221.36 -4221.36 -4221.36 -4221.36 -4221.36 
0.65 -4278.81 -4281.09 -4281.09 -4281.09 -4281.09 -4281.09 -4281.09 
0.675 -4338.55 -4341.18 -4341.18 -4341.18 -4341.18 -4341.18 -4341.18 
0.7 -4398.62 -4401.65 -4401.65 -4401.65 -4401.65 -4401.65 -4401.65 
0.725 -4459.03 -4462.49 -4462.49 -4462.49 -4462.49 -4462.49 -4462.49 
0.75 -4519.77 -4523.7 -4523.7 -4523.7 -4523.7 -4523.7 -4523.7 
0.775 -4580.85 -4585.3 -4585.3 -4585.3 -4585.3 -4585.3 -4585.3 
0.8 -4642.26 -4647.28 -4647.28 -4647.28 -4647.28 -4647.28 -4647.28 
0.825 -4704.02 -4709.65 -4709.66 -4709.66 -4709.66 -4709.66 -4709.66 
0.85 -4766.12 -4772.42 -4772.43 -4772.43 -4772.43 -4772.43 -4772.43 
0.875 -4828.56 -4835.6 -4835.6 -4835.6 -4835.6 -4835.6 -4835.6 
0.9 -4891.36 -4899.17 -4899.18 -4899.18 -4899.18 -4899.18 -4899.18 
0.925 -4954.5 -4963.17 -4963.17 -4963.17 -4963.17 -4963.17 -4963.17 
0.95 -5018.01 -5027.58 -5027.58 -5027.58 -5027.58 nan -5027.58 
0.975 -5081.88 -5092.41 -5092.41 -5092.42 -5092.42 nan -5092.42 
1 -5146.11 -5157.68 -5157.68 -5157.68 -5157.69 -5157.69 -5157.69 
1.025 -5210.72 -5223.38 -5223.38 -5223.39 -5223.39 -5223.4 -5223.4 
1.05 -5275.71 -5289.53 -5289.53 -5289.54 -5289.55 -5289.55 -5289.55 
1.075 -5341.08 -5356.14 -5356.14 -5356.15 -5356.15 -5356.16 -5356.16 
1.1 -5406.84 -5423.2 -5423.21 -5423.22 -5423.22 -5423.23 -5423.23 
1.125 -5473.01 -5490.74 -5490.74 -5490.75 -5490.76 -5490.77 -5490.77 
1.15 -5539.59 -5558.75 -5558.76 -5558.77 -5558.78 -5558.79 -5558.79 
1.175 -5606.59 -5627.26 -5627.26 -5627.28 -5627.29 -5627.3 -5627.3 
1.2 -5674.03 -5696.26 -5696.27 -5696.29 -5696.3 -5696.31 -5696.31 
1.225 -5741.91 -5765.77 -5765.78 -5765.8 -5765.82 -5765.83 -5765.83 
1.25 -5810.25 -5835.81 -5835.81 -5835.84 -5835.86 -5835.87 -5835.87 
1.275 -5879.07 -5906.37 -5906.38 -5906.4 -5906.43 -5906.44 -5906.44 
1.3 -5948.39 -5977.49 -5977.49 -5977.52 -5977.55 -5977.56 -5977.56 
1.325 -6018.23 -6049.16 -6049.16 -6049.19 -6049.23 -6049.24 -6049.24 
1.35 -6088.61 -6121.4 -6121.4 -6121.43 -6121.48 -6121.49 -6121.49 
1.375 -6159.56 -6194.23 -6194.23 -6194.27 -6194.33 -6194.34 -6194.34 
1.4 -6231.12 -6267.67 -6267.67 -6267.71 -6267.78 -6267.79 -6267.79 
1.425 -6303.32 -6341.74 -6341.73 -6341.78 -6341.85 -6341.87 -6341.87 
1.45 -6376.23 -6416.45 -6416.44 -6416.48 -6416.57 -6416.59 -6416.59 
1.475 -6449.9 -6491.82 -6491.81 -6491.86 -6491.96 -6491.98 -6491.98 
1.5 -6524.43 -6567.89 -6567.87 -6567.93 -6568.04 -6568.06 -6568.06 
1.525 -6599.99 -6644.67 -6644.64 -6644.71 -6644.84 -6644.86 -6644.86 
1.55 -6676.97 -6722.2 -6722.16 -6722.24 -6722.39 -6722.41 -6722.41 
1.575 -6756.12 -6800.51 -6800.46 -6800.55 -6800.72 -6800.75 -6800.75 
1.6 -6837.6 -6879.63 -6879.58 -6879.69 -6879.87 -6879.9 -6879.91 
1.625 -6920.99 -6959.61 -6959.56 -6959.69 -6959.89 -6959.93 -6959.93 
1.65 -7006 -7040.5 -7040.45 -7040.61 -7040.84 -7040.87 -7040.89 
1.675 -7092.4 -7122.36 -7122.31 -7122.43 -7122.76 -7122.81 -7122.82 
1.7 -7180.04 -7205.26 -7205.22 -7205.29 -7205.75 -7205.8 -7205.82 
1.725 -7268.79 -7289.28 -7289.3 -7289.33 -7289.87 -7289.96 -7289.98 
1.75 -7358.55 -7374.51 -7374.8 -7374.92 -7375.38 -7375.48 -7375.51 
1.775 -7449.21 -7461.05 -7462.11 -7462.33 -7462.6 -7462.71 -7462.74 
1.8 -7540.7 -7549.24 -7551.2 -7551.45 -7551.57 -7551.67 -7551.69 
1.825 -7632.94 -7639.33 -7641.66 -7641.89 -7641.95 -7642.03 -7642.04 
1.85 -7725.88 -7730.9 -7733.19 -7733.4 -7733.44 -7733.5 -7733.51 
1.875 -7819.46 -7823.51 -7825.63 -7825.83 -7825.85 -7825.9 -7825.91 
1.9 -7913.61 -7916.95 -7918.86 -7919.04 -7919.06 -7919.1 -7919.11 
1.925 -8008.31 -8011.08 -8012.79 -8012.96 -8012.97 -8013.01 -8013.01 
1.95 -8103.51 -8105.82 -8107.34 -8107.51 -8107.52 -8107.55 -8107.55 
1.975 -8199.17 -8201.12 -8202.47 -8202.62 -8202.63 -8202.65 -8202.65 
2 -8295.26 -8296.9 -8298.1 -8298.24 -8298.25 -8298.27 -8298.27 
2.025 -8391.75 -8393.14 -8394.2 -8394.33 -8394.34 -8394.36 -8394.36 
2.05 -8488.61 -8489.78 -8490.73 -8490.85 -8490.86 -8490.87 -8490.87 
2.075 -8585.8 -8586.81 -8587.65 -8587.76 -8587.77 -8587.78 -8587.78 
2.1 -8683.32 -8684.18 -8684.93 -8685.03 -8685.04 -8685.05 -8685.05 
2.125 -8781.14 -8781.87 -8782.54 -8782.63 -8782.64 -8782.64 -8782.65 
2.15 -8879.23 -8879.86 -8880.45 -8880.54 -8880.54 -8880.55 -8880.55 
2.175 -8977.58 -8978.12 -8978.65 -8978.73 -8978.74 -8978.74 -8978.74 
2.2 -9076.18 -9076.64 -9077.11 -9077.19 -9077.19 -9077.2 -9077.2 
2.225 -9174.99 -9175.39 -9175.82 -9175.89 -9175.89 -9175.89 -9175.89 
2.25 -9274.02 -9274.37 -9274.75 -9274.81 -9274.81 -9274.82 -9274.82 
2.275 -9373.25 -9373.55 -9373.89 -9373.95 -9373.95 -9373.95 -9373.95 
2.3 -9472.67 -9472.92 -9473.23 -9473.28 -9473.28 -9473.28 -9473.28 
2.325 -9572.25 -9572.48 -9572.75 -9572.8 -9572.8 -9572.8 -9572.8 
2.35 -9672 -9672.19 -9672.44 -9672.48 -9672.48 -9672.49 -9672.49 
2.375 -9771.9 -9772.07 -9772.29 nan -9772.33 -9772.33 -9772.33 
2.4 -9871.94 -9872.09 -9872.29 nan -9872.33 -9872.33 -9872.33 
2.425 -9972.12 -9972.25 -9972.43 -9972.46 -9972.46 -9972.46 -9972.46 
2.45 -10072.4 -10072.5 -10072.7 -10072.7 -10072.7 -10072.7 -10072.7 
2.475 -10172.8 -10172.9 -10173.1 -10173.1 -10173.1 -10173.1 -10173.1 
2.5 -10273.4 -10273.5 -10273.6 -10273.6 -10273.6 -10273.6 -10273.6 
2.525 -10374 -10374.1 -10374.2 -10374.2 -10374.2 -10374.2 -10374.2 
2.55 -10474.8 -10474.8 -10474.9 -10474.9 -10474.9 -10474.9 -10474.9 
2.575 -10575.6 -10575.6 -10575.7 -10575.8 -10575.8 -10575.8 -10575.8 
2.6 -10676.5 -10676.5 -10676.6 -10676.7 -10676.7 -10676.7 -10676.7 
2.625 -10777.5 -10777.5 -10777.6 -10777.6 -10777.6 -10777.6 -10777.6 
2.65 -10878.6 -10878.6 -10878.7 -10878.7 -10878.7 -10878.7 -10878.7 
2.675 -10979.7 -10979.7 -10979.8 -10979.8 -10979.8 -10979.8 -10979.8 
2.7 -11080.9 -11081 -11081 -11081 -11081 -11081 -11081 
2.725 -11182.2 -11182.2 -11182.3 -11182.3 -11182.3 -11182.3 -11182.3 
2.75 -11283.5 -11283.6 -11283.6 -11283.6 -11283.6 -11283.6 -11283.6 
2.775 -11384.9 -11385 -11385 -nan -11385 -11385 -11385 
2.8 -11486.4 -11486.4 -11486.5 -11486.5 -11486.5 -11486.5 -11486.5 
2.825 -11587.9 -11587.9 -11588 -11588 -11588 -11588 -11588 
2.85 -11689.5 -11689.5 -11689.5 -11689.5 -11689.5 -11689.5 -11689.5 
2.875 -11791 -11791.1 -11791.1 -11791.1 -11791.1 -11791.1 -11791.1 
2.9 -11892.7 -11892.7 -11892.7 -11892.7 -11892.7 -11892.7 -11892.7 
2.925 -11994.4 -11994.4 -11994.4 -11994.4 -11994.4 -11994.4 -11994.4 
2.95 -12096.1 -12096.1 -12096.1 -12096.1 -12096.1 -12096.1 -12096.1 
2.975 -12197.8 -12197.8 -12197.9 -12197.9 -12197.9 -12197.9 -12197.9 
3 -12299.6 -12299.6 -12299.7 -12299.7 -12299.7 -12299.7 -12299.7 
3.025 -12401.4 -12401.5 -12401.5 -12401.5 -12401.5 -12401.5 -12401.5 
3.05 -12503.3 -12503.3 -12503.3 nan -12503.3 -nan -12503.3 
3.075 -12605.2 -12605.2 -12605.2 -12605.2 -12605.2 -12605.2 -12605.2 
3.1 -12707.1 -12707.1 -12707.1 -12707.1 -12707.1 -12707.1 -12707.1 
3.125 -12809 -12809 -12809 -12809 -12809 -12809 -12809 
3.15 -12911 -12911 -12911 -12911 -12911 -12911 -12911 
3.175 -13013 -13013 -13013 -13013 -13013 -13013 -13013 
3.2 -13115 -13115 -13115 -nan -13115 -13115 -13115 
3.225 -13217 -13217 -13217 nan -13217 -13217 -13217 
3.25 -13319 -13319 -13319 -13319 -13319 nan -13319 
3.275 -13421.1 -13421.1 -13421.1 -13421.1 -13421.1 -13421.1 -13421.1 
3.3 -13523.2 -13523.2 -13523.2 -13523.2 -nan -13523.2 -13523.2 
3.325 -13625.3 -13625.3 -13625.3 -13625.3 -13625.3 -13625.3 -13625.3 
3.35 -13727.4 -13727.4 -13727.4 -13727.4 -13727.4 -13727.4 -13727.4 
3.375 -13829.5 -13829.5 -13829.5 -13829.5 -13829.5 -13829.5 -13829.5 
3.4 -13931.6 -13931.6 -13931.6 -13931.6 -13931.6 -13931.6 -13931.6 
3.425 -14033.8 -14033.8 -14033.8 -14033.8 -14033.8 -14033.8 -14033.8 
3.45 -14136 -14136 -14136 -14136 -14136 -14136 -14136 
3.475 -14238.1 -14238.1 -14238.1 -14238.1 -14238.1 -14238.1 -14238.1 
3.5 -14340.3 -14340.3 -14340.3 -14340.3 -14340.3 nan -14340.3 
3.525 -14442.5 -14442.5 -14442.5 -14442.5 -14442.5 -14442.5 nan 
3.55 -14544.7 -14544.7 -14544.7 -14544.7 -14544.7 -14544.7 -14544.7 
3.575 -14647 -14647 -14647 nan -14647 -14647 -nan 
3.6 -14749.2 -14749.2 -14749.2 -nan -14749.2 -14749.2 -14749.2 
3.625 -14851.4 -14851.4 -14851.4 -14851.4 -14851.4 -14851.4 -nan 
3.65 -14953.7 -14953.7 -14953.7 -14953.7 -14953.7 -14953.7 -14953.7 
3.675 -15055.9 -15055.9 -15055.9 -15055.9 -15055.9 -15055.9 -15055.9 
3.7 -15158.2 -15158.2 -15158.2 -15158.2 -15158.2 -15158.2 -15158.2 
3.725 -15260.4 -15260.4 -15260.5 -15260.5 -15260.5 -15260.5 -15260.5 
3.75 -15362.7 -15362.7 -15362.7 -15362.7 -15362.7 -15362.7 -15362.7 
3.775 -15465 -15465 -15465 -15465 -15465 -15465 -15465 
3.8 -15567.3 -15567.3 -15567.3 -nan -15567.3 -15567.3 -15567.3 
3.825 -15669.6 -15669.6 -15669.6 -15669.6 -15669.6 -15669.6 -15669.6 
3.85 -15771.9 -15771.9 -15771.9 -15771.9 -15771.9 -15771.9 -15771.9 
3.875 -15874.2 -15874.2 -15874.2 -15874.2 -15874.2 -15874.2 -15874.2 
3.9 -15976.5 -15976.5 -15976.5 -nan -15976.5 -15976.5 -15976.5 
3.925 -16078.8 -16078.8 -16078.8 -16078.8 -16078.8 -16078.8 -16078.8 
3.95 -16181.1 -16181.1 -16181.1 -16181.1 -16181.1 -16181.1 -16181.1 
3.975 -16283.4 -16283.4 -16283.4 nan -16283.5 nan -16283.5 
4 -16385.8 -16385.8 -16385.8 nan -16385.8 -16385.8 -16385.8 
