0.05 -57.6058 -57.6058 -57.6058 -57.6062 -57.6063 -57.6063 
0.075 -57.7426 -57.7426 -57.7426 -57.7436 -nan -57.7438 
0.1 -57.8809 -57.8809 -57.8808 -57.8826 -57.883 -57.883 
0.125 -58.0206 -58.0206 -58.0205 -58.0233 -58.024 -58.024 
0.15 -58.1617 -58.1617 -58.1617 -58.1656 -58.1666 -58.1666 
0.175 -58.3043 -58.3043 -58.3043 -58.3097 -58.3111 -58.3111 
0.2 -58.4484 -58.4483 -58.4483 -58.4555 -58.4573 -58.4573 
0.225 -58.5939 -58.5939 -58.5938 -58.603 -58.6053 -58.6053 
0.25 -58.741 -58.7409 -58.7409 -58.7523 -58.7552 -58.7552 
0.275 -58.8896 -58.8895 -58.8894 -58.9033 -58.9068 -58.9068 
0.3 -59.0396 -59.0395 -59.0394 -59.0561 -59.0604 -59.0604 
0.325 -59.1912 -59.1911 -59.191 -59.2108 -59.2158 -59.2158 
0.35 -59.3444 -59.3442 -59.3441 -59.3672 -59.373 -59.3731 
0.375 -59.4991 -59.4989 -59.4987 -59.5255 -59.5323 -59.5323 
0.4 -59.6553 -59.6551 -59.6549 -59.6856 -59.6934 -59.6934 
0.425 -59.8132 -59.8129 -59.8127 -59.8476 -59.8565 -59.8565 
0.45 -59.9726 -59.9723 -59.972 -60.0114 -60.0215 -60.0216 
0.475 -60.1336 -60.1333 -60.133 -60.1772 -60.1886 -60.1887 
0.5 -60.2963 -60.2959 -60.2955 -60.3449 -60.3577 -60.3578 
0.525 -60.4605 -60.4601 -60.4608 -60.5146 -60.5288 -60.5289 
0.55 -60.6264 -60.6259 -60.6255 -60.6861 -60.7019 -60.7021 
0.575 -60.794 -60.7934 -60.7929 -60.8596 -60.8771 -60.8773 
0.6 -60.9631 -60.9626 -60.962 -61.0351 -61.0545 -61.0547 
0.625 -61.134 -61.1334 -61.1332 -61.2127 -61.2339 -61.2342 
0.65 -61.3066 -61.3058 -61.3051 -61.3922 -61.4155 -61.4158 
0.675 -61.4808 -61.48 -61.4792 -61.5737 -61.5992 -61.5996 
0.7 -61.6567 -61.6558 -61.6549 -61.7573 -61.7851 -61.7856 
0.725 -61.8344 -61.8334 -61.8324 -61.943 -61.9732 -61.9737 
0.75 -62.0138 -62.0127 -62.0116 -62.1307 -62.1635 -62.1642 
0.775 -62.1949 -62.1937 -62.1925 -62.3204 -62.3561 -62.3568 
0.8 -62.3777 -62.3764 -62.3751 -62.5123 -62.5509 -62.5518 
0.825 -62.5623 -62.5609 -62.5594 -62.7063 -62.748 -62.749 
0.85 -62.7487 -62.7471 -62.7455 -62.9024 -62.9474 -62.9486 
0.875 -62.9368 -62.9351 -62.9334 -63.1006 -63.1491 -63.1505 
0.9 -63.1267 -63.1248 -63.123 -63.301 -63.3532 -63.3547 
0.925 -63.3184 -63.3164 -63.3143 -63.5035 -63.5596 -63.5614 
0.95 -63.5119 -63.5097 -63.5075 -63.7081 -63.7685 -63.7705 
0.975 -63.7072 -63.7048 -63.7024 -63.9149 -63.9797 -63.982 
1 -63.9043 -63.9017 -63.8991 -64.124 -64.1934 -64.196 
1.025 -64.1033 -64.1004 -64.0976 -64.3352 -64.4096 -64.4124 
1.05 -64.304 -64.3009 -64.2979 -64.5485 -64.6282 -64.6314 
1.075 -64.5066 -64.5033 -64.5 -64.7641 -64.8494 -64.853 
1.1 -64.7111 -64.7075 -64.7039 -64.9819 -65.073 -65.0771 
1.125 -64.9174 -64.9136 -64.9096 -65.2019 -65.2993 -65.3037 
1.15 -65.1256 -65.1214 -65.1171 -65.4241 -65.5281 -65.5331 
1.175 -65.3356 -65.3311 -65.3265 -65.6485 -65.7595 -65.765 
1.2 -65.5475 -65.5427 -65.5377 -65.8751 -65.9936 -65.9996 
1.225 -65.7614 -65.7561 -65.7506 -66.104 -66.2302 -66.2369 
1.25 -65.9771 -65.9711 -65.9654 -66.3351 -66.4696 -66.4769 
1.275 -66.1947 -66.1884 -66.1821 -66.5684 -66.7116 -66.7198 
1.3 -66.4141 -66.4073 -66.4005 -66.8039 -66.9564 -66.9654 
1.325 -66.6357 -66.6284 -66.6208 -67.0419 -67.2039 -67.2138 
1.35 -66.8589 -66.8512 -66.8429 -67.2818 -67.4543 -67.4649 
1.375 -67.0841 -67.0757 -67.0668 -67.524 -67.7073 -67.719 
1.4 -67.3114 -67.3019 -67.2925 -67.7684 -67.9632 -67.9759 
1.425 -67.5404 -67.5304 -67.52 -68.015 -68.222 -68.2355 
1.45 -67.7719 -67.7604 -67.7493 -68.2641 -68.4835 -68.4985 
1.475 -68.0045 -67.9931 -67.9804 -68.515 -68.748 -68.7641 
1.5 -68.2396 -68.2269 -68.2133 -68.7682 -69.0153 -69.0329 
1.525 -68.4766 -68.4631 -68.4479 -69.0238 -69.2854 -69.3043 
1.55 -68.7156 -68.7012 -68.6843 -69.2811 -69.5584 -69.5791 
1.575 -68.9567 -68.9415 -68.9224 -69.5408 -69.8345 -69.8567 
1.6 -69.2 -69.1825 -69.1623 -69.8027 -70.1134 -70.1371 
1.625 -69.446 -69.4276 -69.4038 -70.0661 -70.3958 -70.4208 
1.65 -69.6921 -69.6726 -69.6471 -70.3317 -70.6798 -70.7074 
1.675 -69.9422 -69.918 -69.892 -70.5995 -70.9673 -70.997 
1.7 -70.1929 -70.1697 -70.1385 -70.8689 -71.2577 -71.2893 
1.725 -70.4478 -70.423 -70.3867 -71.1399 -71.5509 -71.5849 
1.75 -70.7057 -70.6717 -70.6365 -71.4139 -71.8469 -71.8834 
1.775 -70.9604 -70.9355 -70.8878 -71.687 -72.1458 -72.1848 
1.8 -71.2223 -71.188 -71.1408 -71.9631 -72.447 -72.4886 
1.825 -71.4834 -71.4542 -71.3955 -72.2397 -72.7509 -72.7952 
1.85 -71.7527 -71.7094 -71.6518 -72.5187 -73.0573 -73.1047 
1.875 -72.0158 -71.9639 -71.91 -72.7969 -73.3661 -73.4168 
1.9 -72.2857 -72.2361 -72.1701 -73.0761 -73.6773 -73.7315 
1.925 -72.5582 -72.5084 -72.4326 -73.3565 -73.9909 -74.0479 
1.95 -72.8376 -72.7767 -72.6976 -73.6375 -74.3064 -74.3673 
1.975 -73.1209 -73.0593 -72.9659 -73.9195 -74.6244 -74.6899 
2 -73.3924 -73.3366 -73.2382 -74.206 -74.9445 -75.0145 
2.025 -73.6767 -73.6053 -73.5157 -74.4879 -75.2667 -75.3413 
2.05 -73.9732 -73.9171 -73.7997 -74.7733 -75.5915 -75.6703 
2.075 -74.262 -74.1777 -74.0922 -75.0635 -75.9191 -76.0025 
2.1 -74.5528 -74.4799 -74.3955 -75.3564 -76.2497 -76.338 
2.125 -74.8648 -74.8115 -74.7125 -75.6572 -76.5843 -76.6773 
2.15 -75.167 -75.1016 -75.0466 -75.9655 -76.9232 -77.0215 
2.175 -75.4788 -75.4191 -75.4013 -76.2876 -77.268 -77.37 
2.2 -75.7879 -75.7744 -75.7804 -76.6192 -77.6199 -77.7267 
2.225 -76.1424 -76.1013 -76.1873 -76.9711 -77.9805 -78.0905 
2.25 -76.4258 -76.4292 -76.6248 -77.341 -78.352 -78.465 
2.275 -76.7619 -76.8626 -77.0943 -77.7377 -78.7362 -78.8519 
2.3 -77.0673 -77.1758 -77.5964 -78.1689 -79.1358 -79.251 
2.325 -77.6805 -77.7357 -78.13 -78.6231 -79.5535 -79.6665 
2.35 -77.8007 -78.338 -78.6932 -79.105 -79.9916 -80.1035 
2.375 -78.6151 -78.7316 -79.2831 -79.6464 -80.4517 -80.5601 
2.4 -78.5661 -79.363 -79.8968 -80.1971 -80.9357 -81.0404 
2.425 -79.6891 -80.0277 -80.5311 -80.8162 -81.4453 -81.5422 
2.45 -80.2778 -80.25 -80.93 -81.5688 -81.9803 -82.0715 
2.475 -80.8976 -81.1049 -81.85 -82.1674 -82.5406 -82.6232 
2.5 -81.5448 -81.5753 -82.5298 -82.7941 -83.1247 -83.2032 
2.525 -80.5113 -82.1306 -83.2207 -83.4377 -83.732 -83.8012 
2.55 -81.6546 -83.084 -83.9211 -84.0933 -84.3601 -84.426 
2.575 -83.6103 -83.693 -84.6298 -84.7719 -85.007 -85.0649 
2.6 -82.3409 -84.3316 -85.3458 -85.4637 -85.67 -85.7259 
2.625 -82.4991 -85.2906 -86.0682 -86.1574 -86.3486 -86.398 
2.65 -85.7908 -86.0568 -86.7964 -86.875 -87.0386 -87.0851 
2.675 -83.5236 -86.1143 -87.5299 -87.5889 -87.7309 -87.7777 
2.7 -85.8492 -87.1361 -88.268 -88.3252 -88.4527 -88.4923 
2.725 -84.4888 -87.2723 -89.0104 -89.0575 -89.1728 -89.2111 
2.75 -86.0215 -88.7156 -89.7567 -89.793 -89.8998 -89.9354 
2.775 -89.5417 -89.3518 -90.5066 -90.5378 -90.6352 -90.6671 
2.8 -90.3018 -90.1749 -91.2597 -91.2859 -91.3736 -91.4029 
2.825 -88.054 -91.0082 -92.0159 -92.0396 -92.119 -92.1464 
2.85 -87.6868 -90.9449 -92.7749 -92.7924 -92.8683 -92.8932 
2.875 -88.1155 -91.788 -93.5365 -93.5537 -93.6218 -93.6442 
2.9 -93.364 -93.1562 -94.3004 -94.3163 -94.3751 -94.3997 
2.925 -93.0499 -94.2578 -95.0666 -95.0779 -95.1366 -95.1578 
2.95 -91.901 -94.8237 -95.8348 -95.8452 -95.8971 -95.9178 
2.975 -95.6793 -95.8652 -96.605 -96.6124 -96.6642 -96.6811 
3 -96.454 -96.2482 -97.3769 -97.3833 -97.4296 -97.4473 
3.025 -97.2301 -97.1125 -98.1505 -98.1571 -98.1975 -98.214 
3.05 -92.688 -98.1936 -98.9257 -98.9318 -98.9704 -98.9866 
3.075 -94.6861 -97.7373 -99.7023 -99.7085 -99.7426 -99.7581 
3.1 -99.5657 -99.5119 -100.48 -100.485 -100.519 -100.532 
3.125 -100.346 -100.693 -101.26 -101.264 -101.295 -101.308 
3.15 -99.8567 -101.011 -102.04 -102.045 -102.072 -102.085 
3.175 -101.911 -101.929 -102.822 -102.826 -102.851 -102.863 
3.2 -102.695 -102.498 -103.604 -103.609 -103.633 -103.643 
3.225 -101.165 -103.372 -104.388 -104.39 -104.414 -104.424 
3.25 -102.159 -104.144 -105.172 -105.175 -105.197 -105.206 
3.275 -105.051 -104.935 -105.958 -105.961 -105.98 -105.988 
3.3 -105.838 -105.997 -106.744 -106.747 -106.764 -106.771 
3.325 -106.625 -106.406 -107.531 -107.533 -107.552 -107.558 
3.35 -101.261 -107.458 -108.318 -108.321 -108.336 -108.344 
3.375 -102.307 -107.982 -109.107 -109.109 -109.124 -109.131 
3.4 -103.1 -108.183 -109.896 -109.898 -109.912 -109.918 
3.425 -107.993 -109.342 -110.685 -110.686 -110.701 -110.706 
3.45 -110.572 -110.412 -111.475 -111.478 -111.49 -111.495 
3.475 -111.363 -111.607 -112.266 -112.267 -112.28 -112.285 
3.5 -105.781 -111.942 -113.057 -113.058 -113.071 -113.075 
3.525 -109.133 -111.416 -113.849 -113.851 -113.861 -113.865 
3.55 -109.582 -113.625 -114.641 -114.642 -114.652 -114.656 
3.575 -114.532 -114.71 -115.434 -115.435 -115.444 -115.448 
3.6 -115.325 -115.068 -116.226 -116.228 -116.235 -116.239 
3.625 -110.081 -115.653 -117.02 -117.02 -117.029 -117.032 
3.65 -112.252 -116.683 -117.813 -117.815 -117.822 -117.825 
3.675 -117.707 -117.852 -118.607 -118.608 -118.616 -118.618 
3.7 -112.516 -118.628 -119.402 -119.403 -119.409 -119.412 
3.725 -113.636 -118.98 -120.196 -120.197 -120.203 -120.206 
3.75 -114.248 -119.849 -120.991 -120.992 -120.998 -121 
3.775 -117.967 -120.673 -121.786 -121.787 -121.793 -121.795 
3.8 -114.725 -121.102 -122.582 -122.582 -122.588 -122.59 
3.825 -118.325 -122.693 -123.377 -123.378 -123.383 -123.385 
3.85 -121.95 -123.258 -124.173 -124.174 -124.178 -124.18 
3.875 -122.142 -123.921 -124.969 -124.97 -124.974 -124.976 
3.9 -118.124 -125.118 -125.766 -125.766 -125.77 -125.772 
3.925 -118.984 -125.382 -126.562 -126.563 -126.567 -126.568 
3.95 -120.381 -126.264 -127.359 -127.359 -127.363 -127.364 
3.975 -122.587 -125.087 -128.156 -128.156 -128.159 -128.161 
4 -125.601 -127.891 -128.953 -128.953 -128.956 -128.958 
