0.05 -7373.54 -7373.54 -7373.54 -7373.54 -7373.54 -7373.54 
0.075 -7391.05 -7391.05 -7391.05 -7391.05 -7391.05 -7391.05 
0.1 -7408.75 -7408.75 -7408.75 -7408.75 -7408.75 -7408.75 
0.125 -7426.63 -7426.63 -7426.63 -7426.64 -7426.64 -7426.64 
0.15 -7444.7 -7444.7 -nan -7444.7 -7444.71 -7444.71 
0.175 -7462.95 -7462.95 -7462.95 -7462.96 -7462.96 -7462.96 
0.2 -7481.4 -7481.4 -7481.4 -7481.4 -7481.41 -7481.41 
0.225 -7500.03 -7500.03 -7500.03 -7500.04 -7500.04 -7500.04 
0.25 -7518.85 -7518.85 -7518.85 -7518.86 -7518.87 -7518.87 
0.275 -7537.87 -7537.87 -7537.87 -7537.88 -7537.89 -7537.89 
0.3 -7557.08 -7557.08 -7557.08 -7557.1 -7557.11 -7557.11 
0.325 -7576.49 -7576.48 -7576.49 -7576.51 -7576.52 -7576.52 
0.35 -7596.09 -7596.09 -7596.09 -7596.12 -7596.13 -7596.13 
0.375 -7615.89 -7615.89 -7615.89 -7615.92 -7615.95 -7615.95 
0.4 -7635.9 -7635.9 -7635.89 -7635.93 -7635.96 -7635.96 
0.425 -7656.1 -7656.1 -7656.1 -7656.14 -7656.18 -7656.18 
0.45 -7676.51 -7676.51 -7676.51 -7676.56 -7676.61 -7676.61 
0.475 -7697.12 -7697.12 -7697.12 -7697.18 -7697.24 -7697.24 
0.5 -7717.94 -7717.94 -7717.94 -7718.01 -7718.08 -7718.08 
0.525 -7738.97 -7738.97 -7738.97 -7739.05 -7739.14 -7739.14 
0.55 -7760.21 -7760.21 -7760.21 -7760.3 -7760.41 -7760.41 
0.575 -7781.66 -7781.66 -7781.66 -7781.76 -7781.89 -7781.89 
0.6 -7803.32 -7803.32 -7803.32 -7803.43 -7803.59 -7803.59 
0.625 -7825.2 -7825.19 -7825.19 -7825.32 -7825.51 -7825.51 
0.65 -7847.29 -7847.28 -7847.28 -7847.43 -7847.66 -7847.66 
0.675 -7869.59 -7869.59 -7869.59 -7869.75 -7870.02 -7870.02 
0.7 -7892.12 -7892.12 -7892.11 -7892.29 -7892.62 -7892.62 
0.725 -7914.86 -7914.86 -7914.86 -7915.06 -7915.44 -7915.44 
0.75 -7937.83 -7937.83 -7937.82 -7938.05 -7938.49 -7938.49 
0.775 -7961.02 -7961.01 -7961.01 -7961.26 -7961.78 -7961.78 
0.8 -7984.43 -7984.42 -7984.42 -7984.7 -7985.3 -7985.3 
0.825 -8008.06 -8008.06 -8008.05 -8008.37 -8009.06 -8009.06 
0.85 -8031.93 -8031.92 -8031.91 -8032.26 -8033.06 -8033.06 
0.875 -8056.02 -8056.01 -8056 -8056.38 -8057.3 -8057.3 
0.9 -8080.33 -8080.32 -8080.31 -8080.74 -8081.79 -8081.79 
0.925 -8104.88 -8104.87 -8104.86 -8105.33 -8106.52 -8106.53 
0.95 -8129.66 -8129.65 -8129.63 -8130.16 -8131.51 -8131.52 
0.975 -8154.67 -8154.65 -8154.63 -8155.21 -8156.75 -8156.76 
1 -8179.91 -8179.89 -8179.87 -8180.51 -8182.25 -8182.26 
1.025 -8205.39 -8205.37 -8205.34 -8206.05 -8208.01 -8208.02 
1.05 -8231.1 -8231.07 -8231.05 -8231.82 -8234.04 -8234.04 
1.075 -8257.05 -8257.02 -8256.99 -8257.84 -8260.32 -8260.33 
1.1 -8283.24 -8283.2 -8283.16 -8284.1 -8286.88 -8286.89 
1.125 -8309.66 -8309.62 -8309.57 -8310.6 -8313.71 -8313.73 
1.15 -8336.33 -8336.28 -8336.22 -8337.35 -8340.82 -8340.84 
1.175 -8363.23 -8363.17 -8363.11 -8364.35 -8368.21 -8368.23 
1.2 -8390.37 -8390.31 -8390.24 -8391.59 -8395.88 -8395.9 
1.225 -8417.76 -8417.69 -8417.6 -8419.09 -8423.84 -8423.86 
1.25 -8445.39 -8445.31 -8445.21 -8446.83 -8452.09 -8452.12 
1.275 -8473.25 -8473.16 -8473.05 -8474.83 -8480.64 -8480.67 
1.3 -8501.38 -8501.27 -8501.14 -8503.08 -8509.49 -8509.52 
1.325 -8529.76 -8529.65 -8529.47 -8531.58 -8538.64 -8538.68 
1.35 -8558.36 -8558.21 -8558.04 -8560.35 -8568.1 -8568.15 
1.375 -8587.23 -8587.09 -8586.85 -8589.37 -8597.88 -8597.93 
1.4 -8616.33 -8616.12 -8615.91 -8618.65 -8627.98 -8628.03 
1.425 -8645.72 -8645.43 -8645.21 -8648.2 -8658.39 -8658.46 
1.45 -8675.35 -8675.11 -8674.75 -8678.01 -8689.14 -8689.21 
1.475 -8705.22 -8704.96 -8704.54 -8708.09 -8720.18 -8720.3 
1.5 -8735.3 -8735.09 -8734.57 -8738.44 -8751.68 -8751.74 
1.525 -8765.71 -8765.33 -8764.85 -8769.06 -8783.2 -8783.51 
1.55 -8796.4 -8795.86 -8795.37 -8799.95 -8815.6 -8815.65 
1.575 -8827.32 -8826.79 -8826.14 -8831.13 -8848 -8848.14 
1.6 -8858.51 -8857.86 -8857.16 -8862.58 -8880.88 -8881 
1.625 -8889.97 -8889.42 -8888.42 -8894.31 -8914.19 -8914.24 
1.65 -8921.7 -8921.08 -8919.93 -8926.35 -8947.65 -8947.86 
1.675 -8953.72 -8952.95 -8951.7 -8958.67 -8981.64 -8981.86 
1.7 -8985.93 -8985.18 -8983.71 -8991.28 -9016.02 -9016.27 
1.725 -9018.61 -9017.67 -9015.97 -9024.21 -9050.8 -9051.08 
1.75 -9051.49 -9050.36 -9048.49 -9057.45 -9085.99 -9086.31 
1.775 -9084.67 -9082.72 -9081.26 -9091.01 -9121.6 -9121.96 
1.8 -9117.99 -9116.76 -9114.28 -9124.89 -9157.65 -9158.05 
1.825 -9151.45 -9149.88 -9147.56 -9159.1 -9194.14 -9194.58 
1.85 -9185.62 -9183.54 -9181.1 -9193.65 -9231.08 -9231.57 
1.875 -9220.22 -9218.36 -9214.89 -9228.54 -9268.49 -9269.03 
1.9 -9254.92 -9252.27 -9248.95 -9263.81 -9306.37 -9306.97 
1.925 -9290.57 -9286.67 -9283.27 -9299.43 -9344.74 -9345.41 
1.95 -9324.95 -9322.34 -9317.85 -9335.44 -9383.62 -9384.36 
1.975 -9362.04 -9357.83 -9352.69 -9371.84 -9423.01 -9423.83 
2 -9397.44 -9394.23 -9387.8 -9408.66 -9462.94 -9463.85 
2.025 -9433.93 -9430.65 -9423.18 -9445.9 -9503.43 -9504.43 
2.05 -9471.39 -9465.51 -9458.83 -9483.58 -9544.48 -9545.58 
2.075 -9508.6 -9505.28 -9494.74 -9521.73 -9586.12 -9587.34 
2.1 -9546.79 -9540.67 -9530.93 -9560.4 -9628.38 -9629.72 
2.125 -9586.53 -9580.33 -9567.38 -9599.58 -9671.28 -9672.75 
2.15 -9622.76 -9617.12 -9604.09 -9639.3 -9714.85 -9716.46 
2.175 -9665.25 -9658.07 -9641.06 -9679.56 -9759.11 -9760.88 
2.2 -9701.79 -9696.56 -9678.27 -9720.27 -9804.1 -9806.05 
2.225 -9746.24 -9738 -9715.7 -9762.17 -9849.85 -9851.99 
2.25 -9784.85 -9775.11 -9753.31 -9804.33 -9896.45 -9898.77 
2.275 -9829.76 -9817.44 -9791 -9847.27 -9943.92 -9946.43 
2.3 -9867.13 -9849.71 -9828.41 -9891.31 -9992.27 -9995.05 
2.325 -9916.21 -9908.17 -9881.34 -9936.41 -10041.6 -10044.7 
2.35 -9957.65 -9952.13 -9952.54 -9983.13 -10092.2 -10095.5 
2.375 -10028.8 -10028.2 -10028.9 -10048 -10143.9 -10147.5 
2.4 -10045.8 -10071.1 -10108.6 -10115 -10197.1 -10201 
2.425 -10190.1 -10190.1 -10190.9 -10195.3 -10251.9 -10256.1 
2.45 -10274.3 -10274.3 -10275.3 -10288.6 -10309.2 -10313.6 
2.475 -10360.4 -10360.4 -10361.4 -10369.3 -10375.6 -10376.1 
2.5 -10447.9 -10448 -10448.9 -10454.1 -10458.8 -10459 
2.525 -10284.5 -10536.7 -10537.7 -10541.4 -10545 -10545.5 
2.55 -10345.9 -10626.6 -10627.6 -10630.5 -10633.3 -10633.5 
2.575 -10581.4 -10717.5 -10718.5 -10720.6 -10723 -10723.3 
2.6 -10809.3 -10809.3 -10810.2 -10811.8 -10813.8 -10814.1 
2.625 -10551.6 -10901.9 -10902.8 -10904.1 -10905.7 -10905.9 
2.65 -10703.1 -10995.1 -10996 -10997 -10998.4 -10998.6 
2.675 -11089 -11089.1 -11090 -11090.8 -11091.9 -11092.1 
2.7 -10751.1 -11183.6 -11184.5 -11185 -11186.1 -11186.3 
2.725 -10997.5 -11278.6 -11279.5 -11280 -11280.8 -11281 
2.75 -10928.8 -11291.1 -11375.1 -11375.4 -11376.2 -11376.3 
2.775 -11470.1 -11470.1 -11471 -11471.3 -11472 -11472.1 
2.8 -11283.4 -11566.5 -11567.5 -11567.7 -11568.3 -11568.4 
2.825 -11663.4 -11663.3 -11664.3 -11664.4 -11664.9 -11665.1 
2.85 -11179.6 -11694.6 -11761.4 -11761.6 -11762 -11762.1 
2.875 -11493.2 -11784 -11858.9 -11859 -11859.4 -11859.5 
2.9 -11955.8 -11955.7 -11956.7 -11956.8 -11957.1 -11957.2 
2.925 -12053.8 -12053.8 -12054.7 -12054.8 -12055.1 -12055.2 
2.95 -12152.2 -12152.2 -12153.1 -12153.1 -12153.4 -12153.5 
2.975 -12077.9 -12250.8 -12251.7 -12251.7 -12251.9 -12252 
3 -12349.6 -12349.5 -12350.5 -12350.5 -12350.7 -12350.8 
3.025 -12448.6 -12448.6 -12449.5 -12449.5 -12449.7 -12449.8 
3.05 -11975.6 -12547.8 -12548.7 -12548.7 -12548.9 -12548.9 
3.075 -12141.6 -12579.4 -12648.1 -12648.1 -12648.3 -12648.3 
3.1 -12460.3 -12746.8 -12747.7 -12747.7 -12747.9 -12747.9 
3.125 -12177.4 -12767 -12847.4 -12847.5 -12847.6 -12847.6 
3.15 -12196.6 -12946.4 -12947.3 -12947.3 -12947.5 -12947.5 
3.175 -13046.5 -13046.5 -13047.4 -13047.4 -13047.5 -13047.5 
3.2 -13146.7 -13146.7 -13147.6 -13147.6 -13147.6 -13147.7 
3.225 -12573.9 -13051.2 -13247.8 -13247.9 -13247.9 -13248 
3.25 -12650.5 -13243.5 -13348.3 -13348.3 -13348.3 -13348.4 
3.275 -13447.9 -13447.9 -13448.8 -13448.8 -13448.9 -13448.9 
3.3 -13548.5 -13548.5 -13549.4 -13549.4 -13549.5 -13549.5 
3.325 -13188.6 -13397.8 -13650.2 -13650.2 -13650.2 -13650.2 
3.35 -13404 -13750.1 -13751 -13751 -13751 -13751 
3.375 -13851 -13851 -13851.9 -13851.9 -13851.9 -13851.9 
3.4 -13952 -13952 -13952.9 -13952.9 -13952.9 -13952.9 
3.425 -13469.1 -14053 -14053.9 -14053.9 -14054 -14054 
3.45 -13580.8 -14154.2 -14155.1 -14155.1 -14155.1 -14155.1 
3.475 -14255.4 -14255.4 -14256.3 -14256.3 -14256.3 -14256.3 
3.5 -13734.5 -14356.7 -14357.6 -14357.6 -14357.6 -14357.6 
3.525 -13661.1 -14377.1 -14458.9 -14458.9 -14458.9 -14458.9 
3.55 -13881.8 -14559.4 -14560.3 -14560.3 -14560.3 -14560.3 
3.575 -14125.4 -14660.8 -14661.7 -14661.7 -14661.7 -14661.8 
3.6 -14762.3 -14762.3 -14763.2 -14763.2 -14763.2 -14763.2 
3.625 -14344 -14863.9 -14864.8 -14864.8 -14864.8 -14864.8 
3.65 -14965.4 -14965.4 -14966.3 -14966.3 -14966.4 -14966.4 
3.675 -15067.1 -15067.1 -15068 -15068 -15068 -15068 
3.7 -14619.8 -15083.4 -15169.6 -15169.6 -15169.7 -15169.7 
3.725 -15090.1 -15183.7 -15271.4 -15271.4 -15271.4 -15271.4 
3.75 -14646.7 -15301.4 -15373.1 -15373.1 -15373.1 -15373.1 
3.775 -14645.3 -15474 -15474.9 -15474.9 -15474.9 -15474.9 
3.8 -14867.5 -15575.8 -15576.7 -15576.7 -15576.7 -15576.7 
3.825 -14954.2 -15677.6 -15678.5 -15678.5 -15678.5 -15678.5 
3.85 -15779.5 -15779.5 -15780.4 -15780.4 -15780.4 -15780.4 
3.875 -15580.4 -15811.9 -15882.3 -15882.3 -15882.3 -15882.3 
3.9 -15198.8 -15855.5 -15984.2 -15984.2 -15984.2 -15984.2 
3.925 -15241.1 -16085.3 -16086.2 -16086.2 -16086.2 -16086.2 
3.95 -16187.3 -16187.3 -16188.1 -16188.1 -16188.2 -16188.2 
3.975 -15504.8 -16289.2 -16290.1 -16290.1 -16290.1 -16290.2 
4 -15689.3 -16391.3 -16392.2 -16392.2 -16392.2 -16392.2 
