0.05 -28.8029 -115.212 -7373.54 nan 
0.075 -28.8713 -115.485 -7391.05 nan 
0.1 -28.9403 -115.762 -7408.75 -7.58656e+06 
0.125 -29.0101 -116.041 -7426.63 -7.60487e+06 
0.15 -29.0806 -116.323 -7444.7 nan 
0.175 -29.1519 -116.609 -7462.95 nan 
0.2 -29.2238 -116.897 -7481.4 -7.66095e+06 
0.225 -29.2965 -117.188 -7500.03 nan 
0.25 -29.3699 -117.482 -7518.85 -7.6993e+06 
0.275 -29.444 -117.779 -7537.87 nan 
0.3 -29.5189 -118.079 -7557.08 -7.73845e+06 
0.325 -29.5945 -118.382 -7576.48 -7.75832e+06 
0.35 -29.6709 -118.689 -7596.09 -7.77839e+06 
0.375 -29.748 -118.998 -7615.89 -7.79867e+06 
0.4 -29.8259 -119.311 -7635.89 -7.81916e+06 
0.425 -29.9046 -119.626 -7656.1 nan 
0.45 -29.984 -119.945 -7676.51 -7.86075e+06 
0.475 -30.0642 -120.267 -7697.12 -7.88185e+06 
0.5 -30.1452 -120.593 -7717.94 -7.90317e+06 
0.525 -30.2277 -120.921 -7738.97 -7.92471e+06 
0.55 -30.3096 -121.253 -7760.21 -7.94645e+06 
0.575 -30.3929 -121.588 -7781.66 -7.96842e+06 
0.6 -30.4771 -121.926 -7803.32 -7.9906e+06 
0.625 -30.5622 -122.268 -7825.19 -8.013e+06 
0.65 -30.6479 -122.613 -7847.28 -8.03562e+06 
0.675 -30.7345 -122.962 -7869.59 -8.05846e+06 
0.7 -30.8219 -123.314 -7892.11 -8.08152e+06 
0.725 -30.9101 -123.669 -7914.86 -8.10481e+06 
0.75 -30.9992 -124.028 -7937.82 -8.12833e+06 
0.775 -31.0891 -124.39 -7961.01 -8.15207e+06 
0.8 -31.1798 -124.756 -7984.42 -8.17604e+06 
0.825 -31.2714 -125.125 -8008.05 nan 
0.85 -31.3638 -125.497 -8031.91 -8.22468e+06 
0.875 -31.457 -125.874 -8056 nan 
0.9 -31.5511 -126.253 -8080.31 nan 
0.925 -31.6461 -126.637 -8104.86 -8.29937e+06 
0.95 -31.7419 -127.024 -8129.63 -8.32474e+06 
0.975 -31.8385 -127.414 -8154.63 -8.35035e+06 
1 -31.936 -127.809 -8179.87 -8.37619e+06 
1.025 -32.0344 -128.206 -8205.34 -8.40227e+06 
1.05 -32.1336 -128.608 -8231.05 -8.42859e+06 
1.075 -32.2336 -129.013 -8256.99 -8.45515e+06 
1.1 -32.3345 -129.422 -8283.16 -8.48196e+06 
1.125 -32.4363 -129.834 -8309.57 -8.509e+06 
1.15 -32.5389 -130.25 -8336.22 -8.53629e+06 
1.175 -32.6424 -130.67 -8363.11 -8.56382e+06 
1.2 -32.7467 -131.094 -8390.24 nan 
1.225 -32.8518 -131.521 -8417.6 nan 
1.25 -32.9578 -131.952 -8445.21 -8.64789e+06 
1.275 -33.0646 -132.387 -8473.05 nan 
1.3 -33.1722 -132.825 -8501.14 -8.70517e+06 
1.325 -33.2807 -133.267 -8529.47 -8.73417e+06 
1.35 -33.39 -133.713 -8558.04 -8.76343e+06 
1.375 -33.5001 -134.163 -8586.85 -8.79293e+06 
1.4 -33.611 -134.616 -8615.91 -8.82269e+06 
1.425 -33.7228 -135.074 -8645.21 -8.85269e+06 
1.45 -33.8354 -135.535 -8674.75 nan 
1.475 -33.9488 -135.999 -8704.54 -8.91345e+06 
1.5 -34.063 -136.468 -8734.57 -8.9442e+06 
1.525 -34.1781 -136.94 -8764.85 -8.9752e+06 
1.55 -34.2941 -137.416 -8795.37 -9.00646e+06 
1.575 -34.4109 -137.896 -8826.14 nan 
1.6 -34.5287 -138.38 -8857.16 -9.06973e+06 
1.625 -34.6475 -138.867 -8888.42 -9.10174e+06 
1.65 -34.7674 -139.358 -8919.93 -9.13401e+06 
1.675 -34.8884 -139.853 -8951.7 -9.16654e+06 
1.7 -35.0106 -140.352 -8983.71 nan 
1.725 -35.1343 -140.855 -9015.97 nan 
1.75 -35.2594 -141.361 -9048.49 -9.26565e+06 
1.775 -35.3864 -141.871 -9081.26 -9.29921e+06 
1.8 -35.5153 -142.384 -9114.28 -9.33302e+06 
1.825 -35.6464 -142.901 -9147.56 -9.3671e+06 
1.85 -35.7802 -143.422 -9181.1 -9.40144e+06 
1.875 -35.9169 -143.946 -9214.89 -9.43605e+06 
1.9 -36.057 -144.474 -9248.95 -9.47092e+06 
1.925 -36.2011 -145.005 -9283.27 -9.50606e+06 
1.95 -36.3496 -145.54 -9317.85 -9.54147e+06 
1.975 -36.5032 -146.077 -9352.69 -nan 
2 -36.6625 -146.618 -9387.8 -9.61311e+06 
2.025 -36.8283 -147.161 -9423.18 -9.64934e+06 
2.05 -37.0012 -147.708 -9458.83 nan 
2.075 -37.1819 -148.259 -9494.74 -9.72262e+06 
2.1 -37.3713 -148.815 -9530.93 -9.75967e+06 
2.125 -37.5698 -149.378 -9567.38 -9.79699e+06 
2.15 -37.7781 -149.954 -9604.09 -9.83459e+06 
2.175 -37.9966 -150.548 -9641.06 -9.87244e+06 
2.2 -38.2256 -151.173 -9678.27 -9.91055e+06 
2.225 -38.4655 -151.844 -9715.7 -9.94888e+06 
2.25 -38.7161 -152.58 -9753.31 -9.9874e+06 
2.275 -38.9775 -153.4 -9791 -1.0026e+07 
2.3 -39.2493 -154.316 -9828.41 -1.00644e+07 
2.325 -39.5312 -155.33 -9881.34 -1.01176e+07 
2.35 -39.8227 -156.433 -9952.54 -1.01905e+07 
2.375 -40.1233 -157.609 -10028.9 -1.02687e+07 
2.4 -40.4324 -158.843 -10108.6 -1.03503e+07 
2.425 -40.7493 -160.123 -10190.9 -1.04346e+07 
2.45 -41.0002 -160.976 -10274.4 -1.0521e+07 
2.475 -41.4041 -162.777 -10361.2 -1.06091e+07 
2.5 -41.7407 -164.147 -10448.9 -1.06987e+07 
2.525 -42.0827 -165.533 -10537.7 -1.07897e+07 
2.55 -42.4297 -166.938 -10627.6 -1.08817e+07 
2.575 -42.781 -168.358 -10718.5 -1.09748e+07 
2.6 -43.1362 -169.792 -10810.2 -1.10688e+07 
2.625 -43.4951 -171.238 -10902.8 -1.11635e+07 
2.65 -43.8571 -172.695 -10996 -1.1259e+07 
2.675 -44.222 -174.163 -11090 -1.13552e+07 
2.7 -44.5896 -175.639 -11184.5 -1.1452e+07 
2.725 -44.9596 -177.124 -11279.5 -1.15493e+07 
2.75 -45.3316 -178.617 -11375.1 -1.16471e+07 
2.775 -45.7057 -180.117 -11471 -1.17454e+07 
2.8 -46.0815 -181.623 -11567.5 -1.18442e+07 
2.825 -46.459 -183.136 -11664.3 -1.19433e+07 
2.85 -46.838 -184.654 -11761.4 -1.20428e+07 
2.875 -47.2184 -186.177 -11858.9 -1.21426e+07 
2.9 -47.6 -187.705 -11956.7 -1.22427e+07 
2.925 -47.9828 -189.237 -12054.7 -1.23431e+07 
2.95 -48.3666 -190.774 -12153.1 -1.24438e+07 
2.975 -48.7515 -192.314 -12251.7 -1.25448e+07 
3 -49.1373 -193.858 -12350.5 -1.2646e+07 
3.025 -49.524 -195.405 -12449.5 -1.27474e+07 
3.05 -49.9114 -196.955 -12548.7 -1.2849e+07 
3.075 -50.2997 -198.509 -12648.1 -1.29508e+07 
3.1 -50.6886 -200.065 -12747.7 -1.30527e+07 
3.125 -51.0781 -201.623 -12847.4 -1.31549e+07 
3.15 -51.4683 -203.184 -12947.3 -1.32572e+07 
3.175 -51.859 -204.747 -13047.4 -1.33596e+07 
3.2 -52.2503 -206.312 -13147.6 -1.34622e+07 
3.225 -52.642 -207.88 -13247.8 -1.35649e+07 
3.25 -53.0342 -209.449 -13348.3 -1.36677e+07 
3.275 -53.4269 -211.019 -13448.8 -1.37707e+07 
3.3 -53.82 -212.592 -13549.4 -1.38737e+07 
3.325 -54.2134 -214.166 -13650.2 -1.39768e+07 
3.35 -54.6072 -215.741 -13751 -1.40801e+07 
3.375 -55.0014 -217.318 -13851.9 -1.41834e+07 
3.4 -55.3959 -218.896 -13952.9 -1.42868e+07 
3.425 -55.7907 -220.475 -14053.9 -1.43903e+07 
3.45 -56.1857 -222.055 -14155.1 -1.44939e+07 
3.475 -56.5811 -223.636 -14256.3 -1.45975e+07 
3.5 -56.9766 -225.219 -14357.6 -1.47012e+07 
3.525 -57.3725 -226.802 -14458.9 -1.4805e+07 
3.55 -57.7685 -228.386 -14560.3 -1.49088e+07 
3.575 -58.1648 -229.971 -14661.7 -1.50127e+07 
3.6 -58.5612 -231.557 -14763.2 -1.51166e+07 
3.625 -58.9579 -233.144 -14864.8 -1.52206e+07 
3.65 -59.3547 -234.731 -14966.3 -1.53246e+07 
3.675 -59.7517 -236.319 -15068 -1.54287e+07 
3.7 -60.1488 -237.908 -15169.6 -1.55328e+07 
3.725 -60.5461 -239.497 -15271.4 -1.56369e+07 
3.75 -60.9436 -241.087 -15373.1 -1.57411e+07 
3.775 -61.3411 -242.677 -15474.9 -1.58454e+07 
3.8 -61.7388 -244.268 -15576.7 -1.59496e+07 
3.825 -62.1367 -245.859 -15678.5 -1.60539e+07 
3.85 -62.5346 -247.451 -15780.4 -1.61582e+07 
3.875 -62.9326 -249.043 -15882.3 -1.62626e+07 
3.9 -63.3308 -250.635 -15984.2 -1.63669e+07 
3.925 -63.729 -252.228 -16086.2 -1.64713e+07 
3.95 -64.1273 -253.822 -16188.1 -1.65757e+07 
3.975 -64.5257 -255.415 -16290.1 -1.66802e+07 
4 -64.9242 -257.009 -16392.2 -1.67847e+07 
