0.05 -28.8029 -1843.38 -117977 -7.5505e+06 
0.075 -28.8713 -1847.76 -118257 -7.56844e+06 
0.1 -28.9404 -1852.19 -118540 -7.58656e+06 
0.125 -29.0102 -1856.66 -118826 -7.60487e+06 
0.15 -29.0808 -1861.18 -119115 -7.62337e+06 
0.175 -29.152 -1865.74 -119407 -7.64207e+06 
0.2 -29.224 -1870.35 -119702 -7.66095e+06 
0.225 -29.2968 -1875.01 -120000 -7.68003e+06 
0.25 -29.3703 -1879.71 -120302 -7.6993e+06 
0.275 -29.4445 -1884.47 -120606 -7.71878e+06 
0.3 -29.5195 -1889.27 -120913 -7.73845e+06 
0.325 -29.5952 -1894.12 -121224 -7.75832e+06 
0.35 -29.6717 -1899.02 -121537 -7.7784e+06 
0.375 -29.749 -1903.97 -121854 -7.79867e+06 
0.4 -29.827 -1908.97 -122174 -7.81916e+06 
0.425 -29.9058 -1914.03 -122498 -7.83985e+06 
0.45 -29.9854 -1919.13 -122824 -7.86075e+06 
0.475 -30.0658 -1924.28 -123154 -7.88185e+06 
0.5 -30.147 -1929.49 -123487 -7.90317e+06 
0.525 -30.229 -1934.74 -123824 -7.92471e+06 
0.55 -30.3118 -1940.05 -124163 -7.94645e+06 
0.575 -30.3954 -1945.41 -124507 -7.96842e+06 
0.6 -30.4799 -1950.83 -124853 -7.9906e+06 
0.625 -30.5651 -1956.3 -125203 -8.013e+06 
0.65 -30.6512 -1961.82 -125557 -8.03562e+06 
0.675 -30.7381 -1967.4 -125913 -8.05846e+06 
0.7 -30.8259 -1973.03 -126274 -8.08153e+06 
0.725 -30.9145 -1978.72 -126638 -8.10482e+06 
0.75 -31.004 -1984.46 -127005 -8.12833e+06 
0.775 -31.0943 -1990.25 -127376 -8.15208e+06 
0.8 -31.1854 -1996.11 -127751 -8.17605e+06 
0.825 -31.2774 -2002.02 -128129 -8.20025e+06 
0.85 -31.3703 -2007.98 -128511 -8.22469e+06 
0.875 -31.4642 -2014 -128896 -8.24936e+06 
0.9 -31.5587 -2020.08 -129285 -8.27426e+06 
0.925 -31.6543 -2026.22 -129678 -8.29939e+06 
0.95 -31.7506 -2032.41 -130074 -8.32476e+06 
0.975 -31.8479 -2038.67 -130475 -8.35037e+06 
1 -31.9463 -2044.98 -130878 -8.37622e+06 
1.025 -32.0451 -2051.34 -131286 -8.40231e+06 
1.05 -32.1455 -2057.77 -131697 -8.42863e+06 
1.075 -32.246 -2064.26 -132113 -8.45521e+06 
1.1 -32.3478 -2070.81 -132532 -8.48202e+06 
1.125 -32.4504 -2077.41 -132954 -8.50908e+06 
1.15 -32.554 -2084.08 -133381 -8.53638e+06 
1.175 -32.6585 -2090.8 -133811 -8.56392e+06 
1.2 -32.7638 -2097.59 -134246 -8.59171e+06 
1.225 -32.8695 -2104.43 -134684 -8.61975e+06 
1.25 -32.9775 -2111.34 -135125 -8.64803e+06 
1.275 -33.0854 -2118.3 -135571 -8.67655e+06 
1.3 -33.1941 -2125.33 -136021 -8.70535e+06 
1.325 -33.3047 -2132.43 -136475 -8.73442e+06 
1.35 -33.4152 -2139.57 -136933 -8.76369e+06 
1.375 -33.5274 -2146.79 -137395 -8.79325e+06 
1.4 -33.6397 -2154.05 -137859 -8.823e+06 
1.425 -33.7533 -2161.39 -138329 -8.85307e+06 
1.45 -33.8687 -2168.81 -138804 -8.88345e+06 
1.475 -33.9837 -2176.27 -139282 -8.91402e+06 
1.5 -34.105 -2183.8 -139763 -8.94486e+06 
1.525 -34.2198 -2191.37 -140248 -8.97585e+06 
1.55 -34.3328 -2199.05 -140739 -9.00733e+06 
1.575 -34.455 -2206.74 -141231 -9.03881e+06 
1.6 -34.5757 -2214.53 -141730 -9.0707e+06 
1.625 -34.6946 -2222.42 -142235 -9.10302e+06 
1.65 -34.821 -2230.34 -142742 -9.13548e+06 
1.675 -34.9445 -2238.33 -143253 -9.16821e+06 
1.7 -35.07 -2246.38 -143768 -9.20115e+06 
1.725 -35.1955 -2254.55 -144291 -9.23465e+06 
1.75 -35.3229 -2262.74 -144815 -9.26819e+06 
1.775 -35.448 -2270.95 -145341 -9.30179e+06 
1.8 -35.5741 -2279.38 -145880 -9.33633e+06 
1.825 -35.7088 -2287.72 -146414 -9.37052e+06 
1.85 -35.8422 -2296.25 -146960 -9.40546e+06 
1.875 -35.9791 -2304.76 -147505 -9.44031e+06 
1.9 -36.1099 -2313.55 -148067 -9.4763e+06 
1.925 -36.25 -2322.13 -148617 -9.51146e+06 
1.95 -36.3827 -2330.83 -149173 -9.54707e+06 
1.975 -36.5317 -2339.85 -149751 -9.58404e+06 
2 -36.6787 -2349.1 -150342 -9.62191e+06 
2.025 -36.8233 -2358.2 -150925 -9.65918e+06 
2.05 -36.9979 -2367.4 -151514 -9.69687e+06 
2.075 -37.1413 -2376.82 -152116 -9.73546e+06 
2.1 -37.2855 -2385.56 -152676 -9.77127e+06 
2.125 -37.4693 -2395.97 -153342 -9.81391e+06 
2.15 -37.6333 -2405.27 -153938 -9.852e+06 
2.175 -37.8088 -2414.98 -154559 -9.89177e+06 
2.2 -37.9936 -2424.98 -155199 -9.93274e+06 
2.225 -38.2207 -2435.82 -155892 -9.97712e+06 
2.25 -38.39 -2445.76 -156529 -1.00178e+07 
2.275 -38.5889 -2455.52 -157154 -1.00578e+07 
2.3 -38.7102 -2464.25 -157713 -1.00936e+07 
2.325 -39.0469 -2477.89 -158587 -1.01496e+07 
2.35 -39.366 -2489.36 -159317 -1.01963e+07 
2.375 -39.5089 -2507.07 -160453 -1.0269e+07 
2.4 -39.7396 -2516.76 -161075 -1.03088e+07 
2.425 -40.0217 -2547.51 -163041 -1.04346e+07 
2.45 -40.3114 -2568.58 -164389 -1.05209e+07 
2.475 -40.6769 -2590.1 -165766 -1.0609e+07 
2.5 -40.9473 -2611.98 -167167 -1.06987e+07 
2.525 -41.2023 -2634.18 -168587 -1.07896e+07 
2.55 -41.1838 -2623.28 -167890 -1.0745e+07 
2.575 -41.5345 -2645.57 -169316 -1.08362e+07 
2.6 -42.1607 -2702.32 -172948 -1.10687e+07 
2.625 -41.8902 -2654.22 -169871 -1.08718e+07 
2.65 -42.9283 -2748.78 -175922 -1.1259e+07 
2.675 -43.1875 -2772.26 -177425 -1.13552e+07 
2.7 -42.6092 -2700.63 -172845 -1.10621e+07 
2.725 -44.0275 -2819.65 -180458 -1.15493e+07 
2.75 -43.3602 -2759.67 -176619 -1.13036e+07 
2.775 -44.7204 -2867.53 -183522 -1.17454e+07 
2.8 -45.1403 -2891.64 -185065 -1.18441e+07 
2.825 -45.3837 -2915.83 -186613 -1.19433e+07 
2.85 -45.3071 -2881.6 -184428 -1.18034e+07 
2.875 -45.5764 -2896.78 -185394 -1.18652e+07 
2.9 -46.4969 -2988.94 -191292 -1.22427e+07 
2.925 -47.0859 -3013.46 -192862 -1.23431e+07 
2.95 -47.2919 -3038.04 -194435 -1.24438e+07 
2.975 -47.947 -3062.69 -196012 -1.25448e+07 
3 -48.0285 -3087.38 -197592 -1.26459e+07 
3.025 -48.4606 -3112.15 -199177 -1.27473e+07 
3.05 -48.8126 -3136.95 -200765 -1.2849e+07 
3.075 -49.0144 -3121.24 -199766 -1.2785e+07 
3.1 -49.7542 -3186.7 -203949 -1.30527e+07 
3.125 -49.2187 -3145.75 -201328 -1.2885e+07 
3.15 -49.1411 -3143.14 -201161 -1.28743e+07 
3.175 -51.1668 -3261.62 -208744 -1.33596e+07 
3.2 -51.1307 -3286.66 -210346 -1.34622e+07 
3.225 -50.6139 -3248.58 -207909 -1.33062e+07 
3.25 -50.1477 -3187.35 -203991 -1.30554e+07 
3.275 -52.3055 -3361.97 -215166 -1.37706e+07 
3.3 -52.7239 -3387.13 -216776 -1.38737e+07 
3.325 -51.8073 -3306.93 -211644 -1.35452e+07 
3.35 -53.6324 -3437.52 -220001 -1.40801e+07 
3.375 -53.8788 -3462.75 -221616 -1.41834e+07 
3.4 -54.3724 -3487.99 -223232 -1.42868e+07 
3.425 -54.5472 -3485.27 -223057 -1.42756e+07 
3.45 -55.0859 -3538.54 -226467 -1.44939e+07 
3.475 -55.4578 -3563.85 -228086 -1.45975e+07 
3.5 -54.6761 -3503.27 -224209 -1.43494e+07 
3.525 -55.88 -3588.08 -229637 -1.46968e+07 
3.55 -55.1645 -3509.49 -224608 -1.43749e+07 
3.575 -57.0801 -3665.21 -234573 -1.50127e+07 
3.6 -57.4415 -3690.58 -236197 -1.51166e+07 
3.625 -57.3727 -3682.44 -235676 -1.50833e+07 
3.65 -58.275 -3741.36 -239447 -1.53246e+07 
3.675 -58.6294 -3766.77 -241073 -1.54287e+07 
3.7 -57.9941 -3718.72 -237998 -1.52319e+07 
3.725 -59.2497 -3790.02 -242561 -1.55239e+07 
3.75 -57.861 -3676.49 -235300 -1.50592e+07 
3.775 -60.2273 -3868.5 -247584 -1.58454e+07 
3.8 -60.6275 -3893.95 -249213 -1.59496e+07 
3.825 -61.0183 -3919.41 -250842 -1.60539e+07 
3.85 -61.4128 -3944.88 -252472 -1.61582e+07 
3.875 -60.884 -3904.59 -249894 -1.59932e+07 
3.9 -61.1781 -3911.98 -250367 -1.60235e+07 
3.925 -62.6085 -4021.32 -257364 -1.64713e+07 
3.95 -63.1171 -4046.81 -258996 -1.65757e+07 
3.975 -62.726 -4015.12 -256967 -1.64459e+07 
4 -63.8177 -4097.82 -262260 -1.67847e+07 
