0.1 -11.9041 -47.6052 -190.41 -761.627 -3046.5 -12186 -48743.9 -194976 -779902 -3.11961e+06 
0.2 -12.7453 -50.9368 -203.702 -814.763 -3259.01 -13036 -52143.9 -208576 -834302 -3.33721e+06 
0.3 -13.6137 -54.3569 -217.326 -869.204 -3476.71 -13906.8 -55626.9 -222508 -890030 -3.56012e+06 
0.4 -14.5091 -57.867 -231.287 -924.969 -3699.7 -14798.6 -59194.2 -236777 -947107 -3.78843e+06 
0.5 -15.431 -61.4689 -245.593 -982.088 -3928.07 -15712 -62847.7 -251391 -1.00556e+06 -4.02225e+06 
0.6 -16.379 -65.1651 -260.252 -1040.6 -4161.99 -16647.6 -66589.8 -266359 -1.06543e+06 -4.26174e+06 
0.7 -17.3527 -68.9586 -275.278 -1100.55 -4401.65 -17606 -70423.6 -281694 -1.12677e+06 -4.5071e+06 
0.8 -18.3517 -72.853 -290.685 -1162 -4647.28 -18588.4 -74352.9 -297411 -1.18964e+06 -4.75857e+06 
0.9 -19.376 -76.8525 -306.491 -1225.03 -4899.18 -19595.8 -78382.2 -313528 -1.25411e+06 -5.01644e+06 
1 -20.4264 -80.9616 -322.72 -1289.71 -5157.69 -20629.6 -82517.2 -330068 -1.32027e+06 -5.28108e+06 
1.1 -21.5046 -85.1847 -339.399 -1356.16 -5423.23 -21691.5 -86764.5 -347057 -1.38822e+06 -5.5529e+06 
1.2 -22.6132 -89.5269 -356.559 -1424.51 -5696.31 -22783.5 -91132.3 -364527 -1.45811e+06 -5.83243e+06 
1.3 -23.756 -93.9939 -374.242 -1494.91 -5977.56 -23908.2 -95630.5 -382520 -1.53008e+06 -6.12031e+06 
1.4 -24.9374 -98.5949 -392.495 -1567.57 -6267.79 -25068.7 -100272 -401086 -1.60434e+06 -6.41736e+06 
1.5 -26.1615 -103.347 -411.371 -1642.76 -6568.06 -26269.2 -105074 -420293 -1.68117e+06 -6.72467e+06 
1.6 -27.4313 -108.281 -430.946 -1720.86 -6879.91 -27515.9 -110060 -440236 -1.76094e+06 -7.04376e+06 
1.7 -28.748 -113.432 -451.382 -1802.42 -7205.82 -28818.7 -115270 -461075 -1.84429e+06 -7.37717e+06 
1.8 -30.1102 -118.825 -472.95 -1888.79 -7551.69 -30203.2 -120809 -483233 -1.93293e+06 -7.73171e+06 
1.9 -31.5145 -124.45 -495.674 -1980.36 -7919.11 -31674.1 -126694 -506774 -2.02709e+06 -8.10837e+06 
2 -32.9561 -130.27 -519.229 -2075.04 -8298.27 -33191.2 -132763 -531050 -2.1242e+06 -8.49679e+06 
2.1 -34.4294 -136.238 -543.323 -2171.67 -8685.05 -34738.6 -138953 -555809 -2.22323e+06 -8.89293e+06 
2.2 -35.9289 -142.313 -567.782 -2269.66 -9077.2 -36307.3 -145228 -580910 -2.32364e+06 -9.29455e+06 
2.3 -37.4496 -148.466 -592.504 -2368.66 -9473.28 -37891.8 -151566 -606262 -2.42505e+06 -9.70018e+06 
2.4 -38.9872 -154.676 -617.421 -2468.4 -9872.33 -39488 -157951 -631802 -2.52721e+06 -1.01088e+07 
2.5 -40.538 -160.928 -642.484 -2568.71 -10273.6 -41093.3 -164372 -657486 -2.62994e+06 -1.05198e+07 
2.6 -42.0992 -167.211 -667.661 -2669.46 -10676.7 -42705.4 -170821 -683281 -2.73312e+06 -1.09325e+07 
2.7 -43.6686 -173.519 -692.925 -2770.55 -11081 -44323 -177291 -709162 -2.83665e+06 -1.13466e+07 
2.8 -45.2443 -179.846 -718.257 -2871.9 -11486.5 -45944.7 -183778 -735110 -2.94044e+06 -1.17618e+07 
2.9 -46.8251 -186.188 -743.643 -2973.46 -11892.7 -47569.8 -190278 -761112 -3.04445e+06 -1.21778e+07 
3 -48.4098 -192.542 -769.071 -3075.19 -12299.7 -49197.5 -196789 -787155 -3.14862e+06 -1.25945e+07 
