0.05 -28.8034 -115.212 -7373.54 -7.5505e+06 
0.075 -28.8725 -115.486 -7391.05 -7.56844e+06 
0.1 -28.9426 -115.764 -7408.75 -7.58656e+06 
0.125 -29.0137 -116.045 -7426.64 -7.60487e+06 
0.15 -29.0858 -116.328 -7444.71 -7.62337e+06 
0.175 -29.1589 -116.615 -7462.96 -7.64207e+06 
0.2 -29.2331 -116.906 -7481.41 -7.66095e+06 
0.225 -29.3083 -117.199 -7500.04 -7.68003e+06 
0.25 -29.3846 -117.496 -7518.87 -7.69931e+06 
0.275 -29.462 -117.796 -7537.89 -7.71878e+06 
0.3 -29.5404 -118.1 -7557.11 -7.73846e+06 
0.325 -29.62 -118.407 -7576.52 -7.75833e+06 
0.35 -29.7007 -118.718 -7596.13 -7.77841e+06 
0.375 -29.7825 -119.032 -7615.95 -7.7987e+06 
0.4 -29.8654 -119.349 -7635.96 -7.81919e+06 
0.425 -29.9495 -119.67 -7656.18 -7.83989e+06 
0.45 -30.0347 -119.995 -7676.61 -7.8608e+06 
0.475 -30.1211 -120.323 -7697.24 -7.88192e+06 
0.5 -30.2087 -120.655 -7718.08 -7.90326e+06 
0.525 -30.2975 -120.99 -7739.14 -7.92481e+06 
0.55 -30.3875 -121.33 -7760.41 -7.94658e+06 
0.575 -30.4787 -121.673 -7781.89 -7.96857e+06 
0.6 -30.5711 -122.02 -7803.59 -7.99079e+06 
0.625 -30.6648 -122.371 -7825.51 -8.01323e+06 
0.65 -30.7597 -122.725 -7847.66 -8.03589e+06 
0.675 -30.8559 -123.084 -7870.02 -8.05879e+06 
0.7 -30.9533 -123.446 -7892.62 -8.08191e+06 
0.725 -31.052 -123.813 -7915.44 -8.10527e+06 
0.75 -31.1519 -124.183 -7938.49 -8.12887e+06 
0.775 -31.2532 -124.558 -7961.78 -8.1527e+06 
0.8 -31.3557 -124.936 -7985.3 -8.17677e+06 
0.825 -31.4596 -125.319 -8009.06 -8.20109e+06 
0.85 -31.5647 -125.706 -8033.06 -8.22566e+06 
0.875 -31.6712 -126.098 -8057.3 -8.25047e+06 
0.9 -31.7789 -126.493 -8081.79 -8.27553e+06 
0.925 -31.8881 -126.893 -8106.53 nan 
0.95 -31.9985 -127.298 -8131.52 -8.32642e+06 
0.975 -32.1103 -127.707 -8156.76 -8.35225e+06 
1 -32.2233 -128.12 -8182.26 -8.37835e+06 
1.025 -32.3378 -128.538 -8208.02 -8.40471e+06 
1.05 -32.4536 -128.96 -8234.04 -8.43135e+06 
1.075 -32.5707 -129.387 -8260.33 -8.45825e+06 
1.1 -32.6891 -129.819 -8286.89 -8.48543e+06 
1.125 -32.8089 -130.256 -8313.73 -8.51289e+06 
1.15 -32.93 -130.697 -8340.84 -8.54063e+06 
1.175 -33.0524 -131.144 -8368.23 -8.56866e+06 
1.2 -33.1761 -131.595 -8395.9 -8.59698e+06 
1.225 -33.3011 -132.051 -8423.86 -8.6256e+06 
1.25 -33.4275 -132.513 -8452.12 -8.65451e+06 
1.275 -33.5552 -132.979 -8480.67 -8.68372e+06 
1.3 -33.6841 -133.451 -8509.52 -8.71325e+06 
1.325 -33.8143 -133.928 -8538.68 -8.74308e+06 
1.35 -33.9456 -134.41 -8568.15 -8.77324e+06 
1.375 -34.0784 -134.898 -8597.93 -8.80371e+06 
1.4 -34.2123 -135.391 -8628.03 -8.83451e+06 
1.425 -34.3473 -135.89 -8658.45 -8.86564e+06 
1.45 -34.4839 -136.395 -8689.21 -8.89711e+06 
1.475 -34.6211 -136.905 -8720.3 -8.92893e+06 
1.5 -34.7601 -137.421 -8751.74 -8.96109e+06 
1.525 -34.8996 -137.943 -8783.52 -8.99361e+06 
1.55 -35.0404 -138.471 -8815.65 -9.02648e+06 
1.575 -35.1826 -139.006 -8848.14 -9.05973e+06 
1.6 -35.3254 -139.546 -8881 -9.09336e+06 
1.625 -35.4696 -140.092 -8914.24 -9.12736e+06 
1.65 -35.6146 -140.646 -8947.86 -9.16176e+06 
1.675 -35.7612 -141.206 -8981.86 -9.19656e+06 
1.7 -35.908 -141.772 -9016.27 -9.23176e+06 
1.725 -36.0569 -142.346 -9051.08 -9.26738e+06 
1.75 -36.2063 -142.926 -9086.31 -9.30342e+06 
1.775 -36.3573 -143.513 -9121.96 -9.3399e+06 
1.8 -36.509 -144.107 -9158.05 -9.37682e+06 
1.825 -36.6623 -144.709 -9194.58 -9.41421e+06 
1.85 -36.8167 -145.318 -9231.57 -9.45205e+06 
1.875 -36.9732 -145.934 -9269.03 -9.49038e+06 
1.9 -37.1313 -146.558 -9306.97 -9.52921e+06 
1.925 -37.2904 -147.189 -9345.39 -9.56852e+06 
1.95 -37.4523 -147.829 -9384.36 -9.60839e+06 
1.975 -37.6169 -148.477 -9423.83 -9.64878e+06 
2 -37.7842 -149.132 -9463.85 -9.68972e+06 
2.025 -37.9535 -149.795 -9504.43 -9.73124e+06 
2.05 -38.1264 -150.464 -9545.58 -9.77335e+06 
2.075 -38.3032 -151.141 -9587.34 -9.81608e+06 
2.1 -38.4838 -151.825 -9629.72 -9.85945e+06 
2.125 -38.6698 -152.515 -9672.75 -9.90348e+06 
2.15 -38.8599 -153.212 -9716.45 -9.9482e+06 
2.175 -39.0548 -153.914 -9760.88 -9.99365e+06 
2.2 -39.2569 -154.623 -9806.04 -1.00399e+07 
2.225 -39.4644 -155.337 -9851.99 -1.00869e+07 
2.25 -39.6796 -156.058 -9898.77 -1.01347e+07 
2.275 -39.9017 -156.788 -9946.44 -1.01835e+07 
2.3 -40.1303 -157.53 -9995.06 -1.02332e+07 
2.325 -40.3669 -158.289 -10044.7 -1.0284e+07 
2.35 -40.6129 -159.079 -10095.5 -1.0336e+07 
2.375 -40.8658 -159.903 -10147.5 -1.03892e+07 
2.4 -41.1281 -160.778 -10201 -1.04439e+07 
2.425 -41.3961 -161.712 -10256.2 -1.05003e+07 
2.45 -41.6748 -162.719 -10313.6 -1.0559e+07 
2.475 -41.9604 -163.798 -10376.1 -1.06235e+07 
2.5 -42.2548 -164.958 -10459 -1.07088e+07 
2.525 -42.5552 -166.175 -10545.3 -1.07972e+07 
2.55 -42.8637 -167.469 -10633.6 -1.08877e+07 
2.575 -43.179 -168.788 -10723.2 -1.09794e+07 
2.6 -43.5009 -170.158 -10814.1 -1.10725e+07 
2.625 -43.8268 -171.549 -10905.9 -1.11666e+07 
2.65 -44.1602 -172.964 -10998.7 -1.12615e+07 
2.675 -44.4912 -174.392 -11092.1 -1.13573e+07 
2.7 -44.8421 -175.848 -11186.3 -nan 
2.725 -45.1905 -177.312 -11281 -1.15507e+07 
2.75 -45.5419 -178.785 -11376.3 -1.16483e+07 
2.775 -45.8974 -180.269 nan nan 
2.8 -46.2567 -181.76 -11568.4 -1.1845e+07 
2.825 -46.6197 -183.261 -11665.1 -1.1944e+07 
2.85 -46.9853 -184.768 -11762.1 -nan 
2.875 -47.3529 -186.282 -11859.5 -1.21431e+07 
2.9 -47.7231 -187.802 -11957.2 -1.22432e+07 
2.925 -48.0961 -189.327 -12055.2 -1.23435e+07 
2.95 -48.4704 -190.855 -12153.5 -1.24442e+07 
2.975 -48.846 -192.39 -12252 -1.25451e+07 
3 -49.2248 -193.928 -12350.8 -1.26462e+07 
3.025 -49.6022 -195.468 -12449.8 -1.27476e+07 
3.05 -49.9858 -197.016 -12548.9 -1.28492e+07 
3.075 -50.3681 -198.564 -12648.3 -1.29509e+07 
3.1 -50.7517 -200.116 -12747.9 -1.30529e+07 
3.125 -51.1366 -201.671 -12847.6 -1.3155e+07 
3.15 -51.5223 -203.229 -12947.5 -1.32573e+07 
3.175 -51.9088 -204.789 -13047.5 -1.33597e+07 
3.2 -52.2968 -206.351 -13147.7 -1.34623e+07 
3.225 -52.6846 -207.916 -13248 -1.3565e+07 
3.25 -53.0743 -209.482 -13348.4 -1.36678e+07 
3.275 -53.4623 -211.05 -13448.9 -1.37707e+07 
3.3 -53.8523 -212.619 -13549.5 -1.38737e+07 
3.325 -54.2457 -214.193 -13650.2 -1.39769e+07 
3.35 -54.6371 -215.767 -13751 -1.40801e+07 
3.375 -55.0293 -217.342 -13851.9 -1.41835e+07 
3.4 -55.422 -218.918 -13952.9 -1.42869e+07 
3.425 -55.8147 -220.496 -14054 -1.43904e+07 
3.45 -56.2085 -222.075 -14155.1 -1.44939e+07 
3.475 -56.6021 -223.655 -14256.3 -1.45975e+07 
3.5 -56.9963 -225.236 -14357.6 -1.47012e+07 
3.525 -57.3906 -226.818 -14458.9 -1.4805e+07 
3.55 -57.7859 -228.401 -14560.3 -1.49088e+07 
3.575 -58.181 -229.986 -14661.8 -1.50127e+07 
3.6 -58.5756 -231.57 -14763.2 -1.51166e+07 
3.625 -58.972 -233.156 -14864.8 -1.52206e+07 
3.65 -59.368 -234.743 -14966.4 -1.53246e+07 
3.675 -59.7639 -236.33 -15068 -1.54287e+07 
3.7 -60.1603 -237.918 -15169.7 -1.55328e+07 
3.725 -60.5569 -239.506 -15271.4 -1.5637e+07 
3.75 -60.9539 -241.096 -15373.1 -1.57411e+07 
3.775 -61.3508 -242.685 -15474.9 -1.58454e+07 
3.8 -61.7478 -244.276 -15576.7 -1.59496e+07 
3.825 -62.145 -245.867 -15678.5 -1.60539e+07 
3.85 -62.5425 -247.458 -15780.4 -1.61582e+07 
3.875 -62.9401 -249.05 -15882.3 -1.62626e+07 
3.9 -63.3377 -250.642 -15984.2 -1.63669e+07 
3.925 -63.7356 -252.234 -16086.2 -1.64713e+07 
3.95 -64.1335 -253.827 -16188.2 -1.65757e+07 
3.975 -64.5316 -255.421 -16290.1 -1.66802e+07 
4 -64.9297 -257.014 -16392.2 -1.67847e+07 
